#Layer_Color=15138737
#
#Feature symbol names
#
$0 r3.937
$1 r7.874
$2 r6

#
#Feature attribute names
#

#
#Layer features
#
A 2.1374409 1.775 2.1374409 1.775 2.065 1.775 0 P 0 N
A 2.2090944 2.1805906 2.2090944 2.1805906 2.1894094 2.1805906 0 P 0 N
A 2.2325197 1.775 2.2325197 1.775 2.065 1.775 0 P 0 N
A 2.2500394 1.775 2.2500394 1.775 2.065 1.775 0 P 0 N
A 2.4533858 1.9423228 2.4533858 1.9423228 2.4337008 1.9423228 0 P 0 N
A 3.1533858 1.9423228 3.1533858 1.9423228 3.1337008 1.9423228 0 P 0 N
L 1.7456784 1.1209872 1.7456784 1.619016 1 P 0
L 1.7456784 1.1209872 1.9504016 1.1209872 1 P 0
L 1.7456784 1.619016 1.9504016 1.619016 1 P 0
L 1.7791733 2.1393307 1.7791733 2.1806693 0 P 0
L 1.7791733 2.1393307 1.8008268 2.1393307 0 P 0
L 1.7791733 2.1806693 1.8008268 2.1806693 0 P 0
L 1.7791733 2.2443307 1.7791733 2.2856693 0 P 0
L 1.7791733 2.2443307 1.8008268 2.2443307 0 P 0
L 1.7791733 2.2856693 1.8008268 2.2856693 0 P 0
L 1.7843307 2.2041733 1.7843307 2.2258268 0 P 0
L 1.7843307 2.2041733 1.8256693 2.2041733 0 P 0
L 1.7843307 2.2258268 1.8256693 2.2258268 0 P 0
L 1.7962598 1.9916535 1.7962598 2.4483465 0 P 0
L 1.7962598 1.9916535 1.9537402 1.9916535 0 P 0
L 1.7962598 2.4483465 1.9537402 2.4483465 0 P 0
L 1.8008268 2.1393307 1.8008268 2.1806693 0 P 0
L 1.8008268 2.2443307 1.8008268 2.2856693 0 P 0
L 1.8256693 2.2041733 1.8256693 2.2258268 0 P 0
L 1.9504016 1.1209872 1.9504016 1.619016 1 P 0
L 1.9537402 1.9916535 1.9537402 2.4483465 0 P 0
L 1.9925197 1.4544094 1.9925197 1.5055905 0 P 0
L 1.9925197 1.4544094 2.1074803 1.4544094 0 P 0
L 1.9925197 1.5055905 2.1074803 1.5055905 0 P 0
L 1.9985072 1.1733794 1.9985072 2.3923778 0 P 0
L 1.9985072 1.1733794 3.0915056 1.1733794 0 P 0
L 1.9985072 2.3923778 3.0915056 2.3923778 0 P 0
L 1.9991732 1.3493307 1.9991732 1.3906693 0 P 0
L 1.9991732 1.3493307 2.0208267 1.3493307 0 P 0
L 1.9991732 1.3906693 2.0208267 1.3906693 0 P 0
L 2.0062992 2.1115354 2.0062992 2.1784646 0 P 0
L 2.0062992 2.1115354 2.0437008 2.1115354 0 P 0
L 2.0062992 2.1784646 2.0437008 2.1784646 0 P 0
L 2.0208267 1.3493307 2.0208267 1.3906693 0 P 0
L 2.0364567 2.2216929 2.0364567 2.3083071 0 P 0
L 2.0364567 2.2216929 2.0935433 2.2216929 0 P 0
L 2.0364567 2.3083071 2.0935433 2.3083071 0 P 0
L 2.0437008 2.1115354 2.0437008 2.1784646 0 P 0
L 2.0935433 2.2216929 2.0935433 2.3083071 0 P 0
L 2.1074803 1.4544094 2.1074803 1.5055905 0 P 0
L 2.1141732 1.9893307 2.1141732 2.0306693 0 P 0
L 2.1141732 1.9893307 2.1358267 1.9893307 0 P 0
L 2.1141732 2.0306693 2.1358267 2.0306693 0 P 0
L 2.1214567 2.2914961 2.1214567 2.378504 0 P 0
L 2.1214567 2.2914961 2.1785433 2.2914961 0 P 0
L 2.1214567 2.378504 2.1785433 2.378504 0 P 0
L 2.1358267 1.9893307 2.1358267 2.0306693 0 P 0
L 2.1475197 1.4544094 2.1475197 1.5055905 0 P 0
L 2.1475197 1.4544094 2.2624803 1.4544094 0 P 0
L 2.1475197 1.5055905 2.2624803 1.5055905 0 P 0
L 2.1539763 2.0939764 2.1539763 2.2160237 0 P 0
L 2.1539763 2.0939764 2.2760236 2.0939764 0 P 0
L 2.1539763 2.2160237 2.2760236 2.2160237 0 P 0
L 2.1541732 1.3493307 2.1541732 1.3906693 0 P 0
L 2.1541732 1.3493307 2.1758267 1.3493307 0 P 0
L 2.1541732 1.3906693 2.1758267 1.3906693 0 P 0
L 2.1591732 1.9893307 2.1591732 2.0306693 0 P 0
L 2.1591732 1.9893307 2.1808267 1.9893307 0 P 0
L 2.1591732 2.0306693 2.1808267 2.0306693 0 P 0
L 2.1758267 1.3493307 2.1758267 1.3906693 0 P 0
L 2.1785433 2.2914961 2.1785433 2.378504 0 P 0
L 2.1808267 1.9893307 2.1808267 2.0306693 0 P 0
L 2.2041732 1.9893307 2.2041732 2.0306693 0 P 0
L 2.2041732 1.9893307 2.2258267 1.9893307 0 P 0
L 2.2041732 2.0306693 2.2258267 2.0306693 0 P 0
L 2.2168504 2.2789763 2.2168504 2.4010236 0 P 0
L 2.2168504 2.2789763 2.3231496 2.2789763 0 P 0
L 2.2168504 2.4010236 2.3231496 2.4010236 0 P 0
L 2.2258267 1.9893307 2.2258267 2.0306693 0 P 0
L 2.2614567 1.921496 2.2614567 2.0085039 0 P 0
L 2.2614567 1.921496 2.3185433 1.921496 0 P 0
L 2.2614567 2.0085039 2.3185433 2.0085039 0 P 0
L 2.2624803 1.4544094 2.2624803 1.5055905 0 P 0
L 2.2760236 2.0939764 2.2760236 2.2160237 0 P 0
L 2.3025197 1.4544094 2.3025197 1.5055905 0 P 0
L 2.3025197 1.4544094 2.4174803 1.4544094 0 P 0
L 2.3025197 1.5055905 2.4174803 1.5055905 0 P 0
L 2.3091732 1.3493307 2.3091732 1.3906693 0 P 0
L 2.3091732 1.3493307 2.3308267 1.3493307 0 P 0
L 2.3091732 1.3906693 2.3308267 1.3906693 0 P 0
L 2.3185433 1.921496 2.3185433 2.0085039 0 P 0
L 2.3231496 2.2789763 2.3231496 2.4010236 0 P 0
L 2.3308267 1.3493307 2.3308267 1.3906693 0 P 0
L 2.3514567 2.3164961 2.3514567 2.403504 0 P 0
L 2.3514567 2.3164961 2.4085433 2.3164961 0 P 0
L 2.3514567 2.403504 2.4085433 2.403504 0 P 0
L 2.3565354 2.1362992 2.3565354 2.1737008 0 P 0
L 2.3565354 2.1362992 2.4234646 2.1362992 0 P 0
L 2.3565354 2.1737008 2.4234646 2.1737008 0 P 0
L 2.3566929 2.0614567 2.3566929 2.1185433 0 P 0
L 2.3566929 2.0614567 2.4433071 2.0614567 0 P 0
L 2.3566929 2.1185433 2.4433071 2.1185433 0 P 0
L 2.3982677 1.5722441 2.3982677 1.9777559 0 P 0
L 2.3982677 1.5722441 2.6817323 1.5722441 0 P 0
L 2.3982677 1.9777559 2.6817323 1.9777559 0 P 0
L 2.4085433 2.3164961 2.4085433 2.403504 0 P 0
L 2.4174803 1.4544094 2.4174803 1.5055905 0 P 0
L 2.4234646 2.1362992 2.4234646 2.1737008 0 P 0
L 2.4433071 2.0614567 2.4433071 2.1185433 0 P 0
L 2.4593307 1.9941733 2.4593307 2.0158268 0 P 0
L 2.4593307 1.9941733 2.5006693 1.9941733 0 P 0
L 2.4593307 2.0158268 2.5006693 2.0158268 0 P 0
L 2.4649606 2.177441 2.4649606 2.2325591 0 P 0
L 2.4649606 2.177441 2.5850393 2.177441 0 P 0
L 2.4649606 2.2325591 2.5850393 2.2325591 0 P 0
L 2.5006693 1.9941733 2.5006693 2.0158268 0 P 0
L 2.5015354 2.3712992 2.5015354 2.4087008 0 P 0
L 2.5015354 2.3712992 2.5684646 2.3712992 0 P 0
L 2.5015354 2.4087008 2.5684646 2.4087008 0 P 0
L 2.5515354 1.3162992 2.5515354 1.3537008 0 P 0
L 2.5515354 1.3162992 2.6184646 1.3162992 0 P 0
L 2.5515354 1.3537008 2.6184646 1.3537008 0 P 0
L 2.5684646 2.3712992 2.5684646 2.4087008 0 P 0
L 2.5850393 2.177441 2.5850393 2.2325591 0 P 0
L 2.6064567 2.2116929 2.6064567 2.2983071 0 P 0
L 2.6064567 2.2116929 2.6635433 2.2116929 0 P 0
L 2.6064567 2.2983071 2.6635433 2.2983071 0 P 0
L 2.616378 2.134252 2.616378 2.165748 0 P 0
L 2.616378 2.134252 2.663622 2.134252 0 P 0
L 2.616378 2.165748 2.663622 2.165748 0 P 0
L 2.6184646 1.3162992 2.6184646 1.3537008 0 P 0
L 2.6385 2.32488 2.6385 2.43512 2 P 0
L 2.6385 2.32488 2.7015 2.32488 2 P 0
L 2.6385 2.43512 2.7015 2.43512 2 P 0
L 2.6465354 2.0812992 2.6465354 2.1187008 0 P 0
L 2.6465354 2.0812992 2.7134646 2.0812992 0 P 0
L 2.6465354 2.1187008 2.7134646 2.1187008 0 P 0
L 2.6635433 2.2116929 2.6635433 2.2983071 0 P 0
L 2.663622 2.134252 2.663622 2.165748 0 P 0
L 2.6817323 1.5722441 2.6817323 1.9777559 0 P 0
L 2.6943339 2.2091781 2.6943339 2.2308316 0 P 0
L 2.6943339 2.2091781 2.7356725 2.2091781 0 P 0
L 2.6943339 2.2308316 2.7356725 2.2308316 0 P 0
L 2.7015 2.32488 2.7015 2.43512 2 P 0
L 2.7134646 2.0812992 2.7134646 2.1187008 0 P 0
L 2.7241684 2.2593339 2.7241684 2.3006725 0 P 0
L 2.7241684 2.2593339 2.7458219 2.2593339 0 P 0
L 2.7241684 2.3006725 2.7458219 2.3006725 0 P 0
L 2.7314567 1.7616929 2.7314567 1.8483071 0 P 0
L 2.7314567 1.7616929 2.7885433 1.7616929 0 P 0
L 2.7314567 1.8483071 2.7885433 1.8483071 0 P 0
L 2.7356725 2.2091781 2.7356725 2.2308316 0 P 0
L 2.7441733 1.9993307 2.7441733 2.0406693 0 P 0
L 2.7441733 1.9993307 2.7658268 1.9993307 0 P 0
L 2.7441733 2.0406693 2.7658268 2.0406693 0 P 0
L 2.7458219 2.2593339 2.7458219 2.3006725 0 P 0
L 2.7658268 1.9993307 2.7658268 2.0406693 0 P 0
L 2.7665354 2.3912992 2.7665354 2.4287008 0 P 0
L 2.7665354 2.3912992 2.8334646 2.3912992 0 P 0
L 2.7665354 2.4287008 2.8334646 2.4287008 0 P 0
L 2.7666929 2.3214567 2.7666929 2.3785433 0 P 0
L 2.7666929 2.3214567 2.8533071 2.3214567 0 P 0
L 2.7666929 2.3785433 2.8533071 2.3785433 0 P 0
L 2.7885433 1.7616929 2.7885433 1.8483071 0 P 0
L 2.8134251 1.9286614 2.8134251 2.0113385 0 P 0
L 2.8134251 1.9286614 2.8665747 1.9286614 0 P 0
L 2.8134251 2.0113385 2.8665747 2.0113385 0 P 0
L 2.8239763 1.6268504 2.8239763 1.7331496 0 P 0
L 2.8239763 1.6268504 2.9460236 1.6268504 0 P 0
L 2.8239763 1.7331496 2.9460236 1.7331496 0 P 0
L 2.8315747 2.19 2.8315747 2.3 0 P 0
L 2.8315747 2.19 3.0284251 2.19 0 P 0
L 2.8315747 2.3 3.0284251 2.3 0 P 0
L 2.8334646 2.3912992 2.8334646 2.4287008 0 P 0
L 2.8505512 1.7829134 2.8505512 1.8970866 0 P 0
L 2.8505512 1.7829134 2.9194488 1.7829134 0 P 0
L 2.8505512 1.8970866 2.9194488 1.8970866 0 P 0
L 2.8533071 2.3214567 2.8533071 2.3785433 0 P 0
L 2.8665747 1.9286614 2.8665747 2.0113385 0 P 0
L 2.9194488 1.7829134 2.9194488 1.8970866 0 P 0
L 2.9243307 1.5791732 2.9243307 1.6008267 0 P 0
L 2.9243307 1.5791732 2.9656693 1.5791732 0 P 0
L 2.9243307 1.6008267 2.9656693 1.6008267 0 P 0
L 2.9364567 1.966496 2.9364567 2.0535039 0 P 0
L 2.9364567 1.966496 2.9935433 1.966496 0 P 0
L 2.9364567 2.0535039 2.9935433 2.0535039 0 P 0
L 2.9460236 1.6268504 2.9460236 1.7331496 0 P 0
L 2.9656693 1.5791732 2.9656693 1.6008267 0 P 0
L 2.9935433 1.966496 2.9935433 2.0535039 0 P 0
L 3.0241733 1.8693307 3.0241733 1.9106693 0 P 0
L 3.0241733 1.8693307 3.0458268 1.8693307 0 P 0
L 3.0241733 1.9106693 3.0458268 1.9106693 0 P 0
L 3.0284251 2.19 3.0284251 2.3 0 P 0
L 3.0458268 1.8693307 3.0458268 1.9106693 0 P 0
L 3.0915056 1.1733794 3.0915056 2.3923622 0 P 0
L 3.0982677 1.5722441 3.0982677 1.9777559 0 P 0
L 3.0982677 1.5722441 3.3817323 1.5722441 0 P 0
L 3.0982677 1.9777559 3.3817323 1.9777559 0 P 0
L 3.1972835 1.3815355 3.1972835 1.4484647 0 P 0
L 3.1972835 1.3815355 3.2327165 1.3815355 0 P 0
L 3.1972835 1.4484647 3.2327165 1.4484647 0 P 0
L 3.2041732 1.2793307 3.2041732 1.3206693 0 P 0
L 3.2041732 1.2793307 3.2258267 1.2793307 0 P 0
L 3.2041732 1.3206693 3.2258267 1.3206693 0 P 0
L 3.2258267 1.2793307 3.2258267 1.3206693 0 P 0
L 3.2327165 1.3815355 3.2327165 1.4484647 0 P 0
L 3.294252 1.3835039 3.294252 1.4464961 0 P 0
L 3.294252 1.3835039 3.325748 1.3835039 0 P 0
L 3.294252 1.3933465 3.325748 1.3933465 0 P 0
L 3.294252 1.4366535 3.325748 1.4366535 0 P 0
L 3.294252 1.4464961 3.325748 1.4464961 0 P 0
L 3.2991732 1.2843307 3.2991732 1.3256693 0 P 0
L 3.2991732 1.2843307 3.3208267 1.2843307 0 P 0
L 3.2991732 1.3256693 3.3208267 1.3256693 0 P 0
L 3.3208267 1.2843307 3.3208267 1.3256693 0 P 0
L 3.325748 1.3835039 3.325748 1.4464961 0 P 0
L 3.3817323 1.5722441 3.3817323 1.9777559 0 P 0
L 3.3841732 1.2843307 3.3841732 1.3256693 0 P 0
L 3.3841732 1.2843307 3.4058267 1.2843307 0 P 0
L 3.3841732 1.3256693 3.4058267 1.3256693 0 P 0
L 3.4058267 1.2843307 3.4058267 1.3256693 0 P 0
