#Layer_Color=6321
#
#Feature symbol names
#
$0 r6.6666
$1 r5

#
#Feature attribute names
#

#
#Layer features
#
A 3.3829921 2.0299212 3.3829921 2.0299212 3.3629921 2.0299212 0 P 0 N
A 3.3829921 2.3700786 3.3829921 2.3700786 3.3629921 2.3700786 0 P 0 N
L 1.75 2.305 1.75 2.345 1 P 0
L 1.75 2.305 1.79 2.305 1 P 0
L 1.75 2.345 1.79 2.345 1 P 0
L 1.758 2.313 1.758 2.337 1 P 0
L 1.758 2.313 1.782 2.313 1 P 0
L 1.758 2.337 1.782 2.337 1 P 0
L 1.77 2.07 1.77 2.11 1 P 0
L 1.77 2.07 1.81 2.07 1 P 0
L 1.77 2.11 1.81 2.11 1 P 0
L 1.778 2.078 1.778 2.102 1 P 0
L 1.778 2.078 1.802 2.078 1 P 0
L 1.778 2.102 1.802 2.102 1 P 0
L 1.782 2.313 1.782 2.337 1 P 0
L 1.79 2.305 1.79 2.345 1 P 0
L 1.802 2.078 1.802 2.102 1 P 0
L 1.805 1.26 1.805 1.28 1 P 0
L 1.805 1.26 1.815 1.26 1 P 0
L 1.805 1.28 1.815 1.28 1 P 0
L 1.805 1.31 1.805 1.33 1 P 0
L 1.805 1.31 1.815 1.31 1 P 0
L 1.805 1.33 1.815 1.33 1 P 0
L 1.805 1.36 1.805 1.38 1 P 0
L 1.805 1.36 1.815 1.36 1 P 0
L 1.805 1.38 1.815 1.38 1 P 0
L 1.805 1.41 1.805 1.43 1 P 0
L 1.805 1.41 1.815 1.41 1 P 0
L 1.805 1.43 1.815 1.43 1 P 0
L 1.805 1.46 1.805 1.48 1 P 0
L 1.805 1.46 1.815 1.46 1 P 0
L 1.805 1.48 1.815 1.48 1 P 0
L 1.81 2.07 1.81 2.11 1 P 0
L 1.815 1.25 1.815 1.26 1 P 0
L 1.815 1.25 1.835 1.25 1 P 0
L 1.815 1.28 1.815 1.29 1 P 0
L 1.815 1.29 1.835 1.29 1 P 0
L 1.815 1.3 1.815 1.31 1 P 0
L 1.815 1.3 1.835 1.3 1 P 0
L 1.815 1.33 1.815 1.34 1 P 0
L 1.815 1.34 1.835 1.34 1 P 0
L 1.815 1.35 1.815 1.36 1 P 0
L 1.815 1.35 1.835 1.35 1 P 0
L 1.815 1.38 1.815 1.39 1 P 0
L 1.815 1.39 1.835 1.39 1 P 0
L 1.815 1.4 1.815 1.41 1 P 0
L 1.815 1.4 1.835 1.4 1 P 0
L 1.815 1.43 1.815 1.44 1 P 0
L 1.815 1.44 1.835 1.44 1 P 0
L 1.815 1.45 1.815 1.46 1 P 0
L 1.815 1.45 1.835 1.45 1 P 0
L 1.815 1.48 1.815 1.49 1 P 0
L 1.815 1.49 1.835 1.49 1 P 0
L 1.835 1.25 1.835 1.26 1 P 0
L 1.835 1.26 1.845 1.26 1 P 0
L 1.835 1.28 1.835 1.29 1 P 0
L 1.835 1.28 1.845 1.28 1 P 0
L 1.835 1.3 1.835 1.31 1 P 0
L 1.835 1.31 1.845 1.31 1 P 0
L 1.835 1.33 1.835 1.34 1 P 0
L 1.835 1.33 1.845 1.33 1 P 0
L 1.835 1.35 1.835 1.36 1 P 0
L 1.835 1.36 1.845 1.36 1 P 0
L 1.835 1.38 1.835 1.39 1 P 0
L 1.835 1.38 1.845 1.38 1 P 0
L 1.835 1.4 1.835 1.41 1 P 0
L 1.835 1.41 1.845 1.41 1 P 0
L 1.835 1.43 1.835 1.44 1 P 0
L 1.835 1.43 1.845 1.43 1 P 0
L 1.835 1.45 1.835 1.46 1 P 0
L 1.835 1.46 1.845 1.46 1 P 0
L 1.835 1.48 1.835 1.49 1 P 0
L 1.835 1.48 1.845 1.48 1 P 0
L 1.845 1.26 1.845 1.28 1 P 0
L 1.845 1.31 1.845 1.33 1 P 0
L 1.845 1.36 1.845 1.38 1 P 0
L 1.845 1.41 1.845 1.43 1 P 0
L 1.845 1.46 1.845 1.48 1 P 0
L 1.855 1.26 1.855 1.28 1 P 0
L 1.855 1.26 1.865 1.26 1 P 0
L 1.855 1.28 1.865 1.28 1 P 0
L 1.855 1.31 1.855 1.33 1 P 0
L 1.855 1.31 1.865 1.31 1 P 0
L 1.855 1.33 1.865 1.33 1 P 0
L 1.855 1.36 1.855 1.38 1 P 0
L 1.855 1.36 1.865 1.36 1 P 0
L 1.855 1.38 1.865 1.38 1 P 0
L 1.855 1.41 1.855 1.43 1 P 0
L 1.855 1.41 1.865 1.41 1 P 0
L 1.855 1.43 1.865 1.43 1 P 0
L 1.855 1.46 1.855 1.48 1 P 0
L 1.855 1.46 1.865 1.46 1 P 0
L 1.855 1.48 1.865 1.48 1 P 0
L 1.855 2.1415748 1.875 2.1015748 1 P 0
L 1.855 2.1415748 1.895 2.1415748 1 P 0
L 1.855 2.24 1.875 2.2 1 P 0
L 1.855 2.24 1.895 2.24 1 P 0
L 1.855 2.3384252 1.875 2.2984252 1 P 0
L 1.855 2.3384252 1.895 2.3384252 1 P 0
L 1.865 1.25 1.865 1.26 1 P 0
L 1.865 1.25 1.885 1.25 1 P 0
L 1.865 1.28 1.865 1.29 1 P 0
L 1.865 1.29 1.885 1.29 1 P 0
L 1.865 1.3 1.865 1.31 1 P 0
L 1.865 1.3 1.885 1.3 1 P 0
L 1.865 1.33 1.865 1.34 1 P 0
L 1.865 1.34 1.885 1.34 1 P 0
L 1.865 1.35 1.865 1.36 1 P 0
L 1.865 1.35 1.885 1.35 1 P 0
L 1.865 1.38 1.865 1.39 1 P 0
L 1.865 1.39 1.885 1.39 1 P 0
L 1.865 1.4 1.865 1.41 1 P 0
L 1.865 1.4 1.885 1.4 1 P 0
L 1.865 1.43 1.865 1.44 1 P 0
L 1.865 1.44 1.885 1.44 1 P 0
L 1.865 1.45 1.865 1.46 1 P 0
L 1.865 1.45 1.885 1.45 1 P 0
L 1.865 1.48 1.865 1.49 1 P 0
L 1.865 1.49 1.885 1.49 1 P 0
L 1.875 2.1015748 1.895 2.1415748 1 P 0
L 1.875 2.2 1.895 2.24 1 P 0
L 1.875 2.2984252 1.895 2.3384252 1 P 0
L 1.885 1.25 1.885 1.26 1 P 0
L 1.885 1.26 1.895 1.26 1 P 0
L 1.885 1.28 1.885 1.29 1 P 0
L 1.885 1.28 1.895 1.28 1 P 0
L 1.885 1.3 1.885 1.31 1 P 0
L 1.885 1.31 1.895 1.31 1 P 0
L 1.885 1.33 1.885 1.34 1 P 0
L 1.885 1.33 1.895 1.33 1 P 0
L 1.885 1.35 1.885 1.36 1 P 0
L 1.885 1.36 1.895 1.36 1 P 0
L 1.885 1.38 1.885 1.39 1 P 0
L 1.885 1.38 1.895 1.38 1 P 0
L 1.885 1.4 1.885 1.41 1 P 0
L 1.885 1.41 1.895 1.41 1 P 0
L 1.885 1.43 1.885 1.44 1 P 0
L 1.885 1.43 1.895 1.43 1 P 0
L 1.885 1.45 1.885 1.46 1 P 0
L 1.885 1.46 1.895 1.46 1 P 0
L 1.885 1.48 1.885 1.49 1 P 0
L 1.885 1.48 1.895 1.48 1 P 0
L 1.895 1.26 1.895 1.28 1 P 0
L 1.895 1.31 1.895 1.33 1 P 0
L 1.895 1.36 1.895 1.38 1 P 0
L 1.895 1.41 1.895 1.43 1 P 0
L 1.895 1.46 1.895 1.48 1 P 0
L 1.91 1.561 1.91 1.601 1 P 0
L 1.91 1.561 1.95 1.561 1 P 0
L 1.91 1.601 1.95 1.601 1 P 0
L 1.918 1.569 1.918 1.593 1 P 0
L 1.918 1.569 1.942 1.569 1 P 0
L 1.918 1.593 1.942 1.593 1 P 0
L 1.94 2.11 1.94 2.15 1 P 0
L 1.94 2.11 1.98 2.11 1 P 0
L 1.94 2.15 1.98 2.15 1 P 0
L 1.942 1.569 1.942 1.593 1 P 0
L 1.945 1.755 1.955 1.775 1 P 0
L 1.945 1.755 1.965 1.765 1 P 0
L 1.945 1.795 1.955 1.775 1 P 0
L 1.945 1.795 1.965 1.785 1 P 0
L 1.948 2.118 1.948 2.142 1 P 0
L 1.948 2.118 1.972 2.118 1 P 0
L 1.948 2.142 1.972 2.142 1 P 0
L 1.95 1.561 1.95 1.601 1 P 0
L 1.955 2.04 1.955 2.08 1 P 0
L 1.955 2.04 1.995 2.04 1 P 0
L 1.955 2.08 1.995 2.08 1 P 0
L 1.963 2.048 1.963 2.072 1 P 0
L 1.963 2.048 1.987 2.048 1 P 0
L 1.963 2.072 1.987 2.072 1 P 0
L 1.965 1.765 1.985 1.755 1 P 0
L 1.965 1.785 1.985 1.795 1 P 0
L 1.972 2.118 1.972 2.142 1 P 0
L 1.974289 1.684289 1.984289 1.704289 1 P 0
L 1.974289 1.684289 1.994289 1.694289 1 P 0
L 1.974289 1.724289 1.984289 1.704289 1 P 0
L 1.974289 1.724289 1.994289 1.714289 1 P 0
L 1.974289 1.825711 1.984289 1.845711 1 P 0
L 1.974289 1.825711 1.994289 1.835711 1 P 0
L 1.974289 1.865711 1.984289 1.845711 1 P 0
L 1.974289 1.865711 1.994289 1.855711 1 P 0
L 1.975 1.775 1.985 1.755 1 P 0
L 1.975 1.775 1.985 1.795 1 P 0
L 1.98 2.11 1.98 2.15 1 P 0
L 1.987 2.048 1.987 2.072 1 P 0
L 1.994289 1.694289 2.014289 1.684289 1 P 0
L 1.994289 1.714289 2.014289 1.724289 1 P 0
L 1.994289 1.835711 2.014289 1.825711 1 P 0
L 1.994289 1.855711 2.014289 1.865711 1 P 0
L 1.995 2.04 1.995 2.08 1 P 0
L 2.004289 1.704289 2.014289 1.684289 1 P 0
L 2.004289 1.704289 2.014289 1.724289 1 P 0
L 2.004289 1.845711 2.014289 1.825711 1 P 0
L 2.004289 1.845711 2.014289 1.865711 1 P 0
L 2.045 1.655 2.055 1.675 1 P 0
L 2.045 1.655 2.065 1.665 1 P 0
L 2.045 1.695 2.055 1.675 1 P 0
L 2.045 1.695 2.065 1.685 1 P 0
L 2.045 1.855 2.055 1.875 1 P 0
L 2.045 1.855 2.065 1.865 1 P 0
L 2.045 1.895 2.055 1.875 1 P 0
L 2.045 1.895 2.065 1.885 1 P 0
L 2.05 1.24 2.05 1.28 1 P 0
L 2.05 1.24 2.09 1.24 1 P 0
L 2.05 1.28 2.09 1.28 1 P 0
L 2.058 1.248 2.058 1.272 1 P 0
L 2.058 1.248 2.082 1.248 1 P 0
L 2.058 1.272 2.082 1.272 1 P 0
L 2.06 2.34 2.06 2.38 1 P 0
L 2.06 2.34 2.1 2.34 1 P 0
L 2.06 2.38 2.1 2.38 1 P 0
L 2.065 1.665 2.085 1.655 1 P 0
L 2.065 1.685 2.085 1.695 1 P 0
L 2.065 1.865 2.085 1.855 1 P 0
L 2.065 1.885 2.085 1.895 1 P 0
L 2.068 2.348 2.068 2.372 1 P 0
L 2.068 2.348 2.092 2.348 1 P 0
L 2.068 2.372 2.092 2.372 1 P 0
L 2.07 2.135 2.07 2.175 1 P 0
L 2.07 2.135 2.11 2.135 1 P 0
L 2.07 2.175 2.11 2.175 1 P 0
L 2.075 1.675 2.085 1.655 1 P 0
L 2.075 1.675 2.085 1.695 1 P 0
L 2.075 1.875 2.085 1.855 1 P 0
L 2.075 1.875 2.085 1.895 1 P 0
L 2.078 2.143 2.078 2.167 1 P 0
L 2.078 2.143 2.102 2.143 1 P 0
L 2.078 2.167 2.102 2.167 1 P 0
L 2.082 1.248 2.082 1.272 1 P 0
L 2.09 1.24 2.09 1.28 1 P 0
L 2.09 1.49 2.09 1.53 1 P 0
L 2.09 1.49 2.13 1.49 1 P 0
L 2.09 1.53 2.13 1.53 1 P 0
L 2.092 2.348 2.092 2.372 1 P 0
L 2.095 1.155 2.095 1.195 1 P 0
L 2.095 1.155 2.135 1.155 1 P 0
L 2.095 1.195 2.135 1.195 1 P 0
L 2.098 1.498 2.098 1.522 1 P 0
L 2.098 1.498 2.122 1.498 1 P 0
L 2.098 1.522 2.122 1.522 1 P 0
L 2.1 2.34 2.1 2.38 1 P 0
L 2.102 2.143 2.102 2.167 1 P 0
L 2.103 1.163 2.103 1.187 1 P 0
L 2.103 1.163 2.127 1.163 1 P 0
L 2.103 1.187 2.127 1.187 1 P 0
L 2.11 2.135 2.11 2.175 1 P 0
L 2.115711 1.684289 2.125711 1.704289 1 P 0
L 2.115711 1.684289 2.135711 1.694289 1 P 0
L 2.115711 1.724289 2.125711 1.704289 1 P 0
L 2.115711 1.724289 2.135711 1.714289 1 P 0
L 2.115711 1.825711 2.125711 1.845711 1 P 0
L 2.115711 1.825711 2.135711 1.835711 1 P 0
L 2.115711 1.865711 2.125711 1.845711 1 P 0
L 2.115711 1.865711 2.135711 1.855711 1 P 0
L 2.122 1.498 2.122 1.522 1 P 0
L 2.125 2.065 2.125 2.105 1 P 0
L 2.125 2.065 2.165 2.065 1 P 0
L 2.125 2.105 2.165 2.105 1 P 0
L 2.127 1.163 2.127 1.187 1 P 0
L 2.13 1.49 2.13 1.53 1 P 0
L 2.133 2.073 2.133 2.097 1 P 0
L 2.133 2.073 2.157 2.073 1 P 0
L 2.133 2.097 2.157 2.097 1 P 0
L 2.135 1.155 2.135 1.195 1 P 0
L 2.135711 1.694289 2.155711 1.684289 1 P 0
L 2.135711 1.714289 2.155711 1.724289 1 P 0
L 2.135711 1.835711 2.155711 1.825711 1 P 0
L 2.135711 1.855711 2.155711 1.865711 1 P 0
L 2.145 1.755 2.155 1.775 1 P 0
L 2.145 1.755 2.165 1.765 1 P 0
L 2.145 1.795 2.155 1.775 1 P 0
L 2.145 1.795 2.165 1.785 1 P 0
L 2.145711 1.704289 2.155711 1.684289 1 P 0
L 2.145711 1.704289 2.155711 1.724289 1 P 0
L 2.145711 1.845711 2.155711 1.825711 1 P 0
L 2.145711 1.845711 2.155711 1.865711 1 P 0
L 2.157 2.073 2.157 2.097 1 P 0
L 2.165 1.765 2.185 1.755 1 P 0
L 2.165 1.785 2.185 1.795 1 P 0
L 2.165 2.065 2.165 2.105 1 P 0
L 2.175 1.775 2.185 1.755 1 P 0
L 2.175 1.775 2.185 1.795 1 P 0
L 2.195 2.155 2.215 2.135 1 P 0
L 2.195 2.155 2.215 2.175 1 P 0
L 2.215 2.135 2.235 2.155 1 P 0
L 2.215 2.175 2.235 2.155 1 P 0
L 2.27 1.845 2.27 1.885 1 P 0
L 2.27 1.845 2.31 1.845 1 P 0
L 2.27 1.885 2.31 1.885 1 P 0
L 2.278 1.853 2.278 1.877 1 P 0
L 2.278 1.853 2.302 1.853 1 P 0
L 2.278 1.877 2.302 1.877 1 P 0
L 2.28 1.475 2.28 1.515 1 P 0
L 2.28 1.475 2.32 1.475 1 P 0
L 2.28 1.515 2.32 1.515 1 P 0
L 2.288 1.483 2.288 1.507 1 P 0
L 2.288 1.483 2.312 1.483 1 P 0
L 2.288 1.507 2.312 1.507 1 P 0
L 2.302 1.853 2.302 1.877 1 P 0
L 2.31 1.845 2.31 1.885 1 P 0
L 2.312 1.483 2.312 1.507 1 P 0
L 2.32 1.475 2.32 1.515 1 P 0
L 2.325 2.19 2.325 2.23 1 P 0
L 2.325 2.19 2.365 2.19 1 P 0
L 2.325 2.23 2.365 2.23 1 P 0
L 2.333 2.198 2.333 2.222 1 P 0
L 2.333 2.198 2.357 2.198 1 P 0
L 2.333 2.222 2.357 2.222 1 P 0
L 2.34 2 2.34 2.04 1 P 0
L 2.34 2 2.38 2 1 P 0
L 2.34 2.04 2.38 2.04 1 P 0
L 2.348 2.008 2.348 2.032 1 P 0
L 2.348 2.008 2.372 2.008 1 P 0
L 2.348 2.032 2.372 2.032 1 P 0
L 2.357 2.198 2.357 2.222 1 P 0
L 2.365 2.19 2.365 2.23 1 P 0
L 2.37 1.605 2.37 1.615 1 P 0
L 2.37 1.605 2.38 1.605 1 P 0
L 2.37 1.615 2.38 1.625 1 P 0
L 2.37 1.635 2.37 1.645 1 P 0
L 2.37 1.635 2.38 1.625 1 P 0
L 2.37 1.645 2.38 1.645 1 P 0
L 2.37 1.705 2.37 1.715 1 P 0
L 2.37 1.705 2.38 1.705 1 P 0
L 2.37 1.715 2.38 1.725 1 P 0
L 2.37 1.735 2.37 1.745 1 P 0
L 2.37 1.735 2.38 1.725 1 P 0
L 2.37 1.745 2.38 1.745 1 P 0
L 2.37 1.805 2.37 1.815 1 P 0
L 2.37 1.805 2.38 1.805 1 P 0
L 2.37 1.815 2.38 1.825 1 P 0
L 2.37 1.835 2.37 1.845 1 P 0
L 2.37 1.835 2.38 1.825 1 P 0
L 2.37 1.845 2.38 1.845 1 P 0
L 2.37 1.905 2.37 1.915 1 P 0
L 2.37 1.905 2.38 1.905 1 P 0
L 2.37 1.915 2.38 1.925 1 P 0
L 2.37 1.935 2.37 1.945 1 P 0
L 2.37 1.935 2.38 1.925 1 P 0
L 2.37 1.945 2.38 1.945 1 P 0
L 2.372 2.008 2.372 2.032 1 P 0
L 2.38 1.605 2.39 1.615 1 P 0
L 2.38 1.645 2.39 1.635 1 P 0
L 2.38 1.705 2.39 1.715 1 P 0
L 2.38 1.745 2.39 1.735 1 P 0
L 2.38 1.805 2.39 1.815 1 P 0
L 2.38 1.845 2.39 1.835 1 P 0
L 2.38 1.905 2.39 1.915 1 P 0
L 2.38 1.945 2.39 1.935 1 P 0
L 2.38 2 2.38 2.04 1 P 0
L 2.38 2.225 2.38 2.265 1 P 0
L 2.38 2.225 2.42 2.225 1 P 0
L 2.38 2.265 2.42 2.265 1 P 0
L 2.388 2.233 2.388 2.257 1 P 0
L 2.388 2.233 2.412 2.233 1 P 0
L 2.388 2.257 2.412 2.257 1 P 0
L 2.39 1.615 2.4 1.605 1 P 0
L 2.39 1.635 2.4 1.645 1 P 0
L 2.39 1.715 2.4 1.705 1 P 0
L 2.39 1.735 2.4 1.745 1 P 0
L 2.39 1.815 2.4 1.805 1 P 0
L 2.39 1.835 2.4 1.845 1 P 0
L 2.39 1.915 2.4 1.905 1 P 0
L 2.39 1.935 2.4 1.945 1 P 0
L 2.4 1.475 2.4 1.515 1 P 0
L 2.4 1.475 2.44 1.475 1 P 0
L 2.4 1.515 2.44 1.515 1 P 0
L 2.4 1.605 2.41 1.605 1 P 0
L 2.4 1.625 2.41 1.615 1 P 0
L 2.4 1.625 2.41 1.635 1 P 0
L 2.4 1.645 2.41 1.645 1 P 0
L 2.4 1.705 2.41 1.705 1 P 0
L 2.4 1.725 2.41 1.715 1 P 0
L 2.4 1.725 2.41 1.735 1 P 0
L 2.4 1.745 2.41 1.745 1 P 0
L 2.4 1.805 2.41 1.805 1 P 0
L 2.4 1.825 2.41 1.815 1 P 0
L 2.4 1.825 2.41 1.835 1 P 0
L 2.4 1.845 2.41 1.845 1 P 0
L 2.4 1.905 2.41 1.905 1 P 0
L 2.4 1.925 2.41 1.915 1 P 0
L 2.4 1.925 2.41 1.935 1 P 0
L 2.4 1.945 2.41 1.945 1 P 0
L 2.4 2.02 2.4 2.06 1 P 0
L 2.4 2.02 2.44 2.02 1 P 0
L 2.4 2.06 2.44 2.06 1 P 0
L 2.408 1.483 2.408 1.507 1 P 0
L 2.408 1.483 2.432 1.483 1 P 0
L 2.408 1.507 2.432 1.507 1 P 0
L 2.408 2.028 2.408 2.052 1 P 0
L 2.408 2.028 2.432 2.028 1 P 0
L 2.408 2.052 2.432 2.052 1 P 0
L 2.41 1.605 2.41 1.615 1 P 0
L 2.41 1.635 2.41 1.645 1 P 0
L 2.41 1.705 2.41 1.715 1 P 0
L 2.41 1.735 2.41 1.745 1 P 0
L 2.41 1.805 2.41 1.815 1 P 0
L 2.41 1.835 2.41 1.845 1 P 0
L 2.41 1.905 2.41 1.915 1 P 0
L 2.41 1.935 2.41 1.945 1 P 0
L 2.412 2.233 2.412 2.257 1 P 0
L 2.415 1.29 2.415 1.33 1 P 0
L 2.415 1.29 2.455 1.29 1 P 0
L 2.415 1.33 2.455 1.33 1 P 0
L 2.42 2.225 2.42 2.265 1 P 0
L 2.423 1.298 2.423 1.322 1 P 0
L 2.423 1.298 2.447 1.298 1 P 0
L 2.423 1.322 2.447 1.322 1 P 0
L 2.43 2.285 2.43 2.325 1 P 0
L 2.43 2.285 2.47 2.285 1 P 0
L 2.43 2.325 2.47 2.325 1 P 0
L 2.432 1.483 2.432 1.507 1 P 0
L 2.432 2.028 2.432 2.052 1 P 0
L 2.435 1.415 2.435 1.455 1 P 0
L 2.435 1.415 2.475 1.415 1 P 0
L 2.435 1.455 2.475 1.455 1 P 0
L 2.438 2.293 2.438 2.317 1 P 0
L 2.438 2.293 2.462 2.293 1 P 0
L 2.438 2.317 2.462 2.317 1 P 0
L 2.44 1.475 2.44 1.515 1 P 0
L 2.44 2.02 2.44 2.06 1 P 0
L 2.443 1.423 2.443 1.447 1 P 0
L 2.443 1.423 2.467 1.423 1 P 0
L 2.443 1.447 2.467 1.447 1 P 0
L 2.447 1.298 2.447 1.322 1 P 0
L 2.45 2.415 2.45 2.455 1 P 0
L 2.45 2.415 2.49 2.415 1 P 0
L 2.45 2.455 2.49 2.455 1 P 0
L 2.455 1.29 2.455 1.33 1 P 0
L 2.458 2.423 2.458 2.447 1 P 0
L 2.458 2.423 2.482 2.423 1 P 0
L 2.458 2.447 2.482 2.447 1 P 0
L 2.462 2.293 2.462 2.317 1 P 0
L 2.467 1.423 2.467 1.447 1 P 0
L 2.47 2.285 2.47 2.325 1 P 0
L 2.475 1.415 2.475 1.455 1 P 0
L 2.482 2.423 2.482 2.447 1 P 0
L 2.485 1.275 2.485 1.315 1 P 0
L 2.485 1.275 2.525 1.275 1 P 0
L 2.485 1.315 2.525 1.315 1 P 0
L 2.49 2.415 2.49 2.455 1 P 0
L 2.493 1.283 2.493 1.307 1 P 0
L 2.493 1.283 2.517 1.283 1 P 0
L 2.493 1.307 2.517 1.307 1 P 0
L 2.4949999 1.4206545 2.4949999 1.4606545 1 P 0
L 2.4949999 1.4206545 2.5349999 1.4206545 1 P 0
L 2.4949999 1.4606545 2.5349999 1.4606545 1 P 0
L 2.5029999 1.4286545 2.5029999 1.4526545 1 P 0
L 2.5029999 1.4286545 2.5269999 1.4286545 1 P 0
L 2.5029999 1.4526545 2.5269999 1.4526545 1 P 0
L 2.517 1.283 2.517 1.307 1 P 0
L 2.525 1.275 2.525 1.315 1 P 0
L 2.525 1.5016535 2.535 1.5016535 1 P 0
L 2.525 1.5016535 2.535 1.5116535 1 P 0
L 2.525 1.5216535 2.535 1.5116535 1 P 0
L 2.525 1.5216535 2.535 1.5216535 1 P 0
L 2.525 2.3083464 2.535 2.3083464 1 P 0
L 2.525 2.3083464 2.535 2.3183464 1 P 0
L 2.525 2.3283464 2.535 2.3183464 1 P 0
L 2.525 2.3283464 2.535 2.3283464 1 P 0
L 2.5269999 1.4286545 2.5269999 1.4526545 1 P 0
L 2.53 1.235 2.53 1.275 1 P 0
L 2.53 1.235 2.57 1.235 1 P 0
L 2.53 1.275 2.57 1.275 1 P 0
L 2.53 1.985 2.53 2.025 1 P 0
L 2.53 1.985 2.57 1.985 1 P 0
L 2.53 2.025 2.57 2.025 1 P 0
L 2.5349999 1.4206545 2.5349999 1.4606545 1 P 0
L 2.535 1.5016535 2.545 1.4916535 1 P 0
L 2.535 1.5216535 2.545 1.5316535 1 P 0
L 2.535 2.3083464 2.545 2.2983464 1 P 0
L 2.535 2.3283464 2.545 2.3383464 1 P 0
L 2.538 1.243 2.538 1.267 1 P 0
L 2.538 1.243 2.562 1.243 1 P 0
L 2.538 1.267 2.562 1.267 1 P 0
L 2.538 1.993 2.538 2.017 1 P 0
L 2.538 1.993 2.562 1.993 1 P 0
L 2.538 2.017 2.562 2.017 1 P 0
L 2.545 1.4916535 2.555 1.5016535 1 P 0
L 2.545 1.5316535 2.555 1.5216535 1 P 0
L 2.545 2.2983464 2.555 2.3083464 1 P 0
L 2.545 2.3383464 2.555 2.3283464 1 P 0
L 2.555 1.5016535 2.565 1.5016535 1 P 0
L 2.555 1.5116535 2.565 1.5016535 1 P 0
L 2.555 1.5116535 2.565 1.5216535 1 P 0
L 2.555 1.5216535 2.565 1.5216535 1 P 0
L 2.555 2.3083464 2.565 2.3083464 1 P 0
L 2.555 2.3183464 2.565 2.3083464 1 P 0
L 2.555 2.3183464 2.565 2.3283464 1 P 0
L 2.555 2.3283464 2.565 2.3283464 1 P 0
L 2.56 2.22 2.56 2.26 1 P 0
L 2.56 2.22 2.6 2.22 1 P 0
L 2.56 2.26 2.6 2.26 1 P 0
L 2.562 1.243 2.562 1.267 1 P 0
L 2.562 1.993 2.562 2.017 1 P 0
L 2.568 2.228 2.568 2.252 1 P 0
L 2.568 2.228 2.592 2.228 1 P 0
L 2.568 2.252 2.592 2.252 1 P 0
L 2.57 1.235 2.57 1.275 1 P 0
L 2.57 1.985 2.57 2.025 1 P 0
L 2.58 1.445 2.58 1.485 1 P 0
L 2.58 1.445 2.62 1.445 1 P 0
L 2.58 1.485 2.62 1.485 1 P 0
L 2.58 2.085 2.58 2.125 1 P 0
L 2.58 2.085 2.62 2.085 1 P 0
L 2.58 2.125 2.62 2.125 1 P 0
L 2.588 1.453 2.588 1.477 1 P 0
L 2.588 1.453 2.612 1.453 1 P 0
L 2.588 1.477 2.612 1.477 1 P 0
L 2.588 2.093 2.588 2.117 1 P 0
L 2.588 2.093 2.612 2.093 1 P 0
L 2.588 2.117 2.612 2.117 1 P 0
L 2.59 1.24 2.59 1.28 1 P 0
L 2.59 1.24 2.63 1.24 1 P 0
L 2.59 1.28 2.63 1.28 1 P 0
L 2.592 2.228 2.592 2.252 1 P 0
L 2.598 1.248 2.598 1.272 1 P 0
L 2.598 1.248 2.622 1.248 1 P 0
L 2.598 1.272 2.622 1.272 1 P 0
L 2.6 2.22 2.6 2.26 1 P 0
L 2.612 1.453 2.612 1.477 1 P 0
L 2.612 2.093 2.612 2.117 1 P 0
L 2.62 1.445 2.62 1.485 1 P 0
L 2.62 2.085 2.62 2.125 1 P 0
L 2.622 1.248 2.622 1.272 1 P 0
L 2.63 1.24 2.63 1.28 1 P 0
L 2.635 1.985 2.635 2.025 1 P 0
L 2.635 1.985 2.675 1.985 1 P 0
L 2.635 2.025 2.675 2.025 1 P 0
L 2.643 1.993 2.643 2.017 1 P 0
L 2.643 1.993 2.667 1.993 1 P 0
L 2.643 2.017 2.667 2.017 1 P 0
L 2.65 2.36 2.65 2.4 1 P 0
L 2.65 2.36 2.69 2.36 1 P 0
L 2.65 2.4 2.69 2.4 1 P 0
L 2.658 2.368 2.658 2.392 1 P 0
L 2.658 2.368 2.682 2.368 1 P 0
L 2.658 2.392 2.682 2.392 1 P 0
L 2.667 1.993 2.667 2.017 1 P 0
L 2.67 1.605 2.67 1.615 1 P 0
L 2.67 1.605 2.68 1.605 1 P 0
L 2.67 1.615 2.68 1.625 1 P 0
L 2.67 1.635 2.67 1.645 1 P 0
L 2.67 1.635 2.68 1.625 1 P 0
L 2.67 1.645 2.68 1.645 1 P 0
L 2.67 1.705 2.67 1.715 1 P 0
L 2.67 1.705 2.68 1.705 1 P 0
L 2.67 1.715 2.68 1.725 1 P 0
L 2.67 1.735 2.67 1.745 1 P 0
L 2.67 1.735 2.68 1.725 1 P 0
L 2.67 1.745 2.68 1.745 1 P 0
L 2.67 1.805 2.67 1.815 1 P 0
L 2.67 1.805 2.68 1.805 1 P 0
L 2.67 1.815 2.68 1.825 1 P 0
L 2.67 1.835 2.67 1.845 1 P 0
L 2.67 1.835 2.68 1.825 1 P 0
L 2.67 1.845 2.68 1.845 1 P 0
L 2.67 1.905 2.67 1.915 1 P 0
L 2.67 1.905 2.68 1.905 1 P 0
L 2.67 1.915 2.68 1.925 1 P 0
L 2.67 1.935 2.67 1.945 1 P 0
L 2.67 1.935 2.68 1.925 1 P 0
L 2.67 1.945 2.68 1.945 1 P 0
L 2.675 1.985 2.675 2.025 1 P 0
L 2.68 1.605 2.69 1.615 1 P 0
L 2.68 1.645 2.69 1.635 1 P 0
L 2.68 1.705 2.69 1.715 1 P 0
L 2.68 1.745 2.69 1.735 1 P 0
L 2.68 1.805 2.69 1.815 1 P 0
L 2.68 1.845 2.69 1.835 1 P 0
L 2.68 1.905 2.69 1.915 1 P 0
L 2.68 1.945 2.69 1.935 1 P 0
L 2.682 2.368 2.682 2.392 1 P 0
L 2.69 1.615 2.7 1.605 1 P 0
L 2.69 1.635 2.7 1.645 1 P 0
L 2.69 1.715 2.7 1.705 1 P 0
L 2.69 1.735 2.7 1.745 1 P 0
L 2.69 1.815 2.7 1.805 1 P 0
L 2.69 1.835 2.7 1.845 1 P 0
L 2.69 1.915 2.7 1.905 1 P 0
L 2.69 1.935 2.7 1.945 1 P 0
L 2.69 2.36 2.69 2.4 1 P 0
L 2.7 1.605 2.71 1.605 1 P 0
L 2.7 1.625 2.71 1.615 1 P 0
L 2.7 1.625 2.71 1.635 1 P 0
L 2.7 1.645 2.71 1.645 1 P 0
L 2.7 1.705 2.71 1.705 1 P 0
L 2.7 1.725 2.71 1.715 1 P 0
L 2.7 1.725 2.71 1.735 1 P 0
L 2.7 1.745 2.71 1.745 1 P 0
L 2.7 1.805 2.71 1.805 1 P 0
L 2.7 1.825 2.71 1.815 1 P 0
L 2.7 1.825 2.71 1.835 1 P 0
L 2.7 1.845 2.71 1.845 1 P 0
L 2.7 1.905 2.71 1.905 1 P 0
L 2.7 1.925 2.71 1.915 1 P 0
L 2.7 1.925 2.71 1.935 1 P 0
L 2.7 1.945 2.71 1.945 1 P 0
L 2.71 1.445 2.71 1.485 1 P 0
L 2.71 1.445 2.75 1.445 1 P 0
L 2.71 1.485 2.75 1.485 1 P 0
L 2.71 1.605 2.71 1.615 1 P 0
L 2.71 1.635 2.71 1.645 1 P 0
L 2.71 1.705 2.71 1.715 1 P 0
L 2.71 1.735 2.71 1.745 1 P 0
L 2.71 1.805 2.71 1.815 1 P 0
L 2.71 1.835 2.71 1.845 1 P 0
L 2.71 1.905 2.71 1.915 1 P 0
L 2.71 1.935 2.71 1.945 1 P 0
L 2.718 1.453 2.718 1.477 1 P 0
L 2.718 1.453 2.742 1.453 1 P 0
L 2.718 1.477 2.742 1.477 1 P 0
L 2.725 2.15 2.725 2.19 1 P 0
L 2.725 2.15 2.765 2.15 1 P 0
L 2.725 2.19 2.765 2.19 1 P 0
L 2.73 1.56 2.73 1.6 1 P 0
L 2.73 1.56 2.77 1.56 1 P 0
L 2.73 1.6 2.77 1.6 1 P 0
L 2.733 2.158 2.733 2.182 1 P 0
L 2.733 2.158 2.757 2.158 1 P 0
L 2.733 2.182 2.757 2.182 1 P 0
L 2.735 1.7 2.735 1.74 1 P 0
L 2.735 1.7 2.775 1.7 1 P 0
L 2.735 1.74 2.775 1.74 1 P 0
L 2.738 1.568 2.738 1.592 1 P 0
L 2.738 1.568 2.762 1.568 1 P 0
L 2.738 1.592 2.762 1.592 1 P 0
L 2.742 1.453 2.742 1.477 1 P 0
L 2.743 1.708 2.743 1.732 1 P 0
L 2.743 1.708 2.767 1.708 1 P 0
L 2.743 1.732 2.767 1.732 1 P 0
L 2.75 1.445 2.75 1.485 1 P 0
L 2.757 2.158 2.757 2.182 1 P 0
L 2.762 1.568 2.762 1.592 1 P 0
L 2.765 2.15 2.765 2.19 1 P 0
L 2.767 1.708 2.767 1.732 1 P 0
L 2.77 1.56 2.77 1.6 1 P 0
L 2.775 1.7 2.775 1.74 1 P 0
L 2.78 2.09 2.78 2.13 1 P 0
L 2.78 2.09 2.82 2.09 1 P 0
L 2.78 2.13 2.82 2.13 1 P 0
L 2.788 2.098 2.788 2.122 1 P 0
L 2.788 2.098 2.812 2.098 1 P 0
L 2.788 2.122 2.812 2.122 1 P 0
L 2.812 2.098 2.812 2.122 1 P 0
L 2.82 1.565 2.82 1.605 1 P 0
L 2.82 1.565 2.86 1.565 1 P 0
L 2.82 1.605 2.86 1.605 1 P 0
L 2.82 2.09 2.82 2.13 1 P 0
L 2.825 1.305 2.825 1.345 1 P 0
L 2.825 1.305 2.865 1.305 1 P 0
L 2.825 1.345 2.865 1.345 1 P 0
L 2.828 1.573 2.828 1.597 1 P 0
L 2.828 1.573 2.852 1.573 1 P 0
L 2.828 1.597 2.852 1.597 1 P 0
L 2.833 1.313 2.833 1.337 1 P 0
L 2.833 1.313 2.857 1.313 1 P 0
L 2.833 1.337 2.857 1.337 1 P 0
L 2.835 2.015 2.835 2.055 1 P 0
L 2.835 2.015 2.875 2.015 1 P 0
L 2.835 2.055 2.875 2.055 1 P 0
L 2.843 2.023 2.843 2.047 1 P 0
L 2.843 2.023 2.867 2.023 1 P 0
L 2.843 2.047 2.867 2.047 1 P 0
L 2.852 1.573 2.852 1.597 1 P 0
L 2.857 1.313 2.857 1.337 1 P 0
L 2.86 1.16 2.86 1.2 1 P 0
L 2.86 1.16 2.9 1.16 1 P 0
L 2.86 1.2 2.9 1.2 1 P 0
L 2.86 1.565 2.86 1.605 1 P 0
L 2.865 1.305 2.865 1.345 1 P 0
L 2.865 1.735 2.865 1.775 1 P 0
L 2.865 1.735 2.905 1.735 1 P 0
L 2.865 1.775 2.905 1.775 1 P 0
L 2.865 2.39 2.865 2.43 1 P 0
L 2.865 2.39 2.905 2.39 1 P 0
L 2.865 2.43 2.905 2.43 1 P 0
L 2.867 2.023 2.867 2.047 1 P 0
L 2.868 1.168 2.868 1.192 1 P 0
L 2.868 1.168 2.892 1.168 1 P 0
L 2.868 1.192 2.892 1.192 1 P 0
L 2.873 1.743 2.873 1.767 1 P 0
L 2.873 1.743 2.897 1.743 1 P 0
L 2.873 1.767 2.897 1.767 1 P 0
L 2.873 2.398 2.873 2.422 1 P 0
L 2.873 2.398 2.897 2.398 1 P 0
L 2.873 2.422 2.897 2.422 1 P 0
L 2.875 2.015 2.875 2.055 1 P 0
L 2.885 2.08 2.885 2.12 1 P 0
L 2.885 2.08 2.925 2.08 1 P 0
L 2.885 2.12 2.925 2.12 1 P 0
L 2.892 1.168 2.892 1.192 1 P 0
L 2.893 2.088 2.893 2.112 1 P 0
L 2.893 2.088 2.917 2.088 1 P 0
L 2.893 2.112 2.917 2.112 1 P 0
L 2.897 1.743 2.897 1.767 1 P 0
L 2.897 2.398 2.897 2.422 1 P 0
L 2.9 1.16 2.9 1.2 1 P 0
L 2.905 1.735 2.905 1.775 1 P 0
L 2.905 2.39 2.905 2.43 1 P 0
L 2.917 2.088 2.917 2.112 1 P 0
L 2.925 2.08 2.925 2.12 1 P 0
L 2.95 1.17 2.95 1.21 1 P 0
L 2.95 1.17 2.99 1.17 1 P 0
L 2.95 1.21 2.99 1.21 1 P 0
L 2.958 1.178 2.958 1.202 1 P 0
L 2.958 1.178 2.982 1.178 1 P 0
L 2.958 1.202 2.982 1.202 1 P 0
L 2.982 1.178 2.982 1.202 1 P 0
L 2.985 1.585 2.985 1.625 1 P 0
L 2.985 1.585 3.025 1.585 1 P 0
L 2.985 1.625 3.025 1.625 1 P 0
L 2.99 1.17 2.99 1.21 1 P 0
L 2.993 1.593 2.993 1.617 1 P 0
L 2.993 1.593 3.017 1.593 1 P 0
L 2.993 1.617 3.017 1.617 1 P 0
L 3.0064567 2.225 3.0064567 2.265 1 P 0
L 3.0064567 2.225 3.0464567 2.225 1 P 0
L 3.0064567 2.265 3.0464567 2.265 1 P 0
L 3.01 1.965 3.01 2.005 1 P 0
L 3.01 1.965 3.05 1.965 1 P 0
L 3.01 2.005 3.05 2.005 1 P 0
L 3.0144567 2.233 3.0144567 2.257 1 P 0
L 3.0144567 2.233 3.0384567 2.233 1 P 0
L 3.0144567 2.257 3.0384567 2.257 1 P 0
L 3.015 2.13 3.015 2.17 1 P 0
L 3.015 2.13 3.055 2.13 1 P 0
L 3.015 2.17 3.055 2.17 1 P 0
L 3.017 1.593 3.017 1.617 1 P 0
L 3.018 1.973 3.018 1.997 1 P 0
L 3.018 1.973 3.042 1.973 1 P 0
L 3.018 1.997 3.042 1.997 1 P 0
L 3.023 2.138 3.023 2.162 1 P 0
L 3.023 2.138 3.047 2.138 1 P 0
L 3.023 2.162 3.047 2.162 1 P 0
L 3.025 1.585 3.025 1.625 1 P 0
L 3.0384567 2.233 3.0384567 2.257 1 P 0
L 3.042 1.973 3.042 1.997 1 P 0
L 3.045 1.17 3.045 1.21 1 P 0
L 3.045 1.17 3.085 1.17 1 P 0
L 3.045 1.21 3.085 1.21 1 P 0
L 3.0464567 2.225 3.0464567 2.265 1 P 0
L 3.047 2.138 3.047 2.162 1 P 0
L 3.05 1.965 3.05 2.005 1 P 0
L 3.053 1.178 3.053 1.202 1 P 0
L 3.053 1.178 3.077 1.178 1 P 0
L 3.053 1.202 3.077 1.202 1 P 0
L 3.055 2.13 3.055 2.17 1 P 0
L 3.07 1.605 3.07 1.615 1 P 0
L 3.07 1.605 3.08 1.605 1 P 0
L 3.07 1.615 3.08 1.625 1 P 0
L 3.07 1.635 3.07 1.645 1 P 0
L 3.07 1.635 3.08 1.625 1 P 0
L 3.07 1.645 3.08 1.645 1 P 0
L 3.07 1.705 3.07 1.715 1 P 0
L 3.07 1.705 3.08 1.705 1 P 0
L 3.07 1.715 3.08 1.725 1 P 0
L 3.07 1.735 3.07 1.745 1 P 0
L 3.07 1.735 3.08 1.725 1 P 0
L 3.07 1.745 3.08 1.745 1 P 0
L 3.07 1.805 3.07 1.815 1 P 0
L 3.07 1.805 3.08 1.805 1 P 0
L 3.07 1.815 3.08 1.825 1 P 0
L 3.07 1.835 3.07 1.845 1 P 0
L 3.07 1.835 3.08 1.825 1 P 0
L 3.07 1.845 3.08 1.845 1 P 0
L 3.07 1.905 3.07 1.915 1 P 0
L 3.07 1.905 3.08 1.905 1 P 0
L 3.07 1.915 3.08 1.925 1 P 0
L 3.07 1.935 3.07 1.945 1 P 0
L 3.07 1.935 3.08 1.925 1 P 0
L 3.07 1.945 3.08 1.945 1 P 0
L 3.077 1.178 3.077 1.202 1 P 0
L 3.08 1.605 3.09 1.615 1 P 0
L 3.08 1.645 3.09 1.635 1 P 0
L 3.08 1.705 3.09 1.715 1 P 0
L 3.08 1.745 3.09 1.735 1 P 0
L 3.08 1.805 3.09 1.815 1 P 0
L 3.08 1.845 3.09 1.835 1 P 0
L 3.08 1.905 3.09 1.915 1 P 0
L 3.08 1.945 3.09 1.935 1 P 0
L 3.085 1.17 3.085 1.21 1 P 0
L 3.09 1.615 3.1 1.605 1 P 0
L 3.09 1.635 3.1 1.645 1 P 0
L 3.09 1.715 3.1 1.705 1 P 0
L 3.09 1.735 3.1 1.745 1 P 0
L 3.09 1.815 3.1 1.805 1 P 0
L 3.09 1.835 3.1 1.845 1 P 0
L 3.09 1.915 3.1 1.905 1 P 0
L 3.09 1.935 3.1 1.945 1 P 0
L 3.1 1.605 3.11 1.605 1 P 0
L 3.1 1.625 3.11 1.615 1 P 0
L 3.1 1.625 3.11 1.635 1 P 0
L 3.1 1.645 3.11 1.645 1 P 0
L 3.1 1.705 3.11 1.705 1 P 0
L 3.1 1.725 3.11 1.715 1 P 0
L 3.1 1.725 3.11 1.735 1 P 0
L 3.1 1.745 3.11 1.745 1 P 0
L 3.1 1.805 3.11 1.805 1 P 0
L 3.1 1.825 3.11 1.815 1 P 0
L 3.1 1.825 3.11 1.835 1 P 0
L 3.1 1.845 3.11 1.845 1 P 0
L 3.1 1.905 3.11 1.905 1 P 0
L 3.1 1.925 3.11 1.915 1 P 0
L 3.1 1.925 3.11 1.935 1 P 0
L 3.1 1.945 3.11 1.945 1 P 0
L 3.105 1.145 3.105 1.185 1 P 0
L 3.105 1.145 3.145 1.145 1 P 0
L 3.105 1.185 3.145 1.185 1 P 0
L 3.11 1.605 3.11 1.615 1 P 0
L 3.11 1.635 3.11 1.645 1 P 0
L 3.11 1.705 3.11 1.715 1 P 0
L 3.11 1.735 3.11 1.745 1 P 0
L 3.11 1.805 3.11 1.815 1 P 0
L 3.11 1.835 3.11 1.845 1 P 0
L 3.11 1.905 3.11 1.915 1 P 0
L 3.11 1.935 3.11 1.945 1 P 0
L 3.113 1.153 3.113 1.177 1 P 0
L 3.113 1.153 3.137 1.153 1 P 0
L 3.113 1.177 3.137 1.177 1 P 0
L 3.1319685 2.0099212 3.1319685 2.0499212 1 P 0
L 3.1319685 2.0099212 3.1719685 2.0099212 1 P 0
L 3.1319685 2.0499212 3.1719685 2.0499212 1 P 0
L 3.1319685 2.3500786 3.1319685 2.3900786 1 P 0
L 3.1319685 2.3500786 3.1719685 2.3500786 1 P 0
L 3.1319685 2.3900786 3.1719685 2.3900786 1 P 0
L 3.137 1.153 3.137 1.177 1 P 0
L 3.14 1.27 3.14 1.31 1 P 0
L 3.14 1.27 3.18 1.27 1 P 0
L 3.14 1.31 3.18 1.31 1 P 0
L 3.14 1.5 3.14 1.54 1 P 0
L 3.14 1.5 3.18 1.5 1 P 0
L 3.14 1.54 3.18 1.54 1 P 0
L 3.14 1.66 3.14 1.7 1 P 0
L 3.14 1.66 3.18 1.66 1 P 0
L 3.14 1.7 3.18 1.7 1 P 0
L 3.145 1.145 3.145 1.185 1 P 0
L 3.148 1.278 3.148 1.302 1 P 0
L 3.148 1.278 3.172 1.278 1 P 0
L 3.148 1.302 3.172 1.302 1 P 0
L 3.148 1.508 3.148 1.532 1 P 0
L 3.148 1.508 3.172 1.508 1 P 0
L 3.148 1.532 3.172 1.532 1 P 0
L 3.148 1.668 3.148 1.692 1 P 0
L 3.148 1.668 3.172 1.668 1 P 0
L 3.148 1.692 3.172 1.692 1 P 0
L 3.1719685 2.0099212 3.1719685 2.0499212 1 P 0
L 3.1719685 2.3500786 3.1719685 2.3900786 1 P 0
L 3.172 1.278 3.172 1.302 1 P 0
L 3.172 1.508 3.172 1.532 1 P 0
L 3.172 1.668 3.172 1.692 1 P 0
L 3.18 1.27 3.18 1.31 1 P 0
L 3.18 1.5 3.18 1.54 1 P 0
L 3.18 1.66 3.18 1.7 1 P 0
L 3.1873543 1.7476457 3.1873543 1.7876457 1 P 0
L 3.1873543 1.7476457 3.2273543 1.7476457 1 P 0
L 3.1873543 1.7876457 3.2273543 1.7876457 1 P 0
L 3.1953543 1.7556457 3.1953543 1.7796457 1 P 0
L 3.1953543 1.7556457 3.2193543 1.7556457 1 P 0
L 3.1953543 1.7796457 3.2193543 1.7796457 1 P 0
L 3.2193543 1.7556457 3.2193543 1.7796457 1 P 0
L 3.2273543 1.7476457 3.2273543 1.7876457 1 P 0
L 3.25 1.225 3.25 1.265 1 P 0
L 3.25 1.225 3.29 1.225 1 P 0
L 3.25 1.265 3.29 1.265 1 P 0
L 3.258 1.233 3.258 1.257 1 P 0
L 3.258 1.233 3.282 1.233 1 P 0
L 3.258 1.257 3.282 1.257 1 P 0
L 3.282 1.233 3.282 1.257 1 P 0
L 3.29 1.225 3.29 1.265 1 P 0
L 3.335 1.225 3.335 1.265 1 P 0
L 3.335 1.225 3.375 1.225 1 P 0
L 3.335 1.265 3.375 1.265 1 P 0
L 3.34 1.5 3.34 1.54 1 P 0
L 3.34 1.5 3.38 1.5 1 P 0
L 3.34 1.54 3.38 1.54 1 P 0
L 3.343 1.233 3.343 1.257 1 P 0
L 3.343 1.233 3.367 1.233 1 P 0
L 3.343 1.257 3.367 1.257 1 P 0
L 3.348 1.508 3.348 1.532 1 P 0
L 3.348 1.508 3.372 1.508 1 P 0
L 3.348 1.532 3.372 1.532 1 P 0
L 3.367 1.233 3.367 1.257 1 P 0
L 3.37 1.605 3.37 1.615 1 P 0
L 3.37 1.605 3.38 1.605 1 P 0
L 3.37 1.615 3.38 1.625 1 P 0
L 3.37 1.635 3.37 1.645 1 P 0
L 3.37 1.635 3.38 1.625 1 P 0
L 3.37 1.645 3.38 1.645 1 P 0
L 3.37 1.705 3.37 1.715 1 P 0
L 3.37 1.705 3.38 1.705 1 P 0
L 3.37 1.715 3.38 1.725 1 P 0
L 3.37 1.735 3.37 1.745 1 P 0
L 3.37 1.735 3.38 1.725 1 P 0
L 3.37 1.745 3.38 1.745 1 P 0
L 3.37 1.805 3.37 1.815 1 P 0
L 3.37 1.805 3.38 1.805 1 P 0
L 3.37 1.815 3.38 1.825 1 P 0
L 3.37 1.835 3.37 1.845 1 P 0
L 3.37 1.835 3.38 1.825 1 P 0
L 3.37 1.845 3.38 1.845 1 P 0
L 3.37 1.905 3.37 1.915 1 P 0
L 3.37 1.905 3.38 1.905 1 P 0
L 3.37 1.915 3.38 1.925 1 P 0
L 3.37 1.935 3.37 1.945 1 P 0
L 3.37 1.935 3.38 1.925 1 P 0
L 3.37 1.945 3.38 1.945 1 P 0
L 3.372 1.508 3.372 1.532 1 P 0
L 3.375 1.225 3.375 1.265 1 P 0
L 3.38 1.5 3.38 1.54 1 P 0
L 3.38 1.605 3.39 1.615 1 P 0
L 3.38 1.645 3.39 1.635 1 P 0
L 3.38 1.705 3.39 1.715 1 P 0
L 3.38 1.745 3.39 1.735 1 P 0
L 3.38 1.805 3.39 1.815 1 P 0
L 3.38 1.845 3.39 1.835 1 P 0
L 3.38 1.905 3.39 1.915 1 P 0
L 3.38 1.945 3.39 1.935 1 P 0
L 3.39 1.615 3.4 1.605 1 P 0
L 3.39 1.635 3.4 1.645 1 P 0
L 3.39 1.715 3.4 1.705 1 P 0
L 3.39 1.735 3.4 1.745 1 P 0
L 3.39 1.815 3.4 1.805 1 P 0
L 3.39 1.835 3.4 1.845 1 P 0
L 3.39 1.915 3.4 1.905 1 P 0
L 3.39 1.935 3.4 1.945 1 P 0
L 3.4 1.605 3.41 1.605 1 P 0
L 3.4 1.625 3.41 1.615 1 P 0
L 3.4 1.625 3.41 1.635 1 P 0
L 3.4 1.645 3.41 1.645 1 P 0
L 3.4 1.705 3.41 1.705 1 P 0
L 3.4 1.725 3.41 1.715 1 P 0
L 3.4 1.725 3.41 1.735 1 P 0
L 3.4 1.745 3.41 1.745 1 P 0
L 3.4 1.805 3.41 1.805 1 P 0
L 3.4 1.825 3.41 1.815 1 P 0
L 3.4 1.825 3.41 1.835 1 P 0
L 3.4 1.845 3.41 1.845 1 P 0
L 3.4 1.905 3.41 1.905 1 P 0
L 3.4 1.925 3.41 1.915 1 P 0
L 3.4 1.925 3.41 1.935 1 P 0
L 3.4 1.945 3.41 1.945 1 P 0
L 3.41 1.605 3.41 1.615 1 P 0
L 3.41 1.635 3.41 1.645 1 P 0
L 3.41 1.705 3.41 1.715 1 P 0
L 3.41 1.735 3.41 1.745 1 P 0
L 3.41 1.805 3.41 1.815 1 P 0
L 3.41 1.835 3.41 1.845 1 P 0
L 3.41 1.905 3.41 1.915 1 P 0
L 3.41 1.935 3.41 1.945 1 P 0
