#Layer_Color=15314666
#
#Feature symbol names
#
$0 r1.9685
$1 r3.937
$2 r7.874

#
#Feature attribute names
#

#
#Layer features
#
L 1.74 1.115 1.74 1.625 2 P 0
L 1.74 1.115 1.955 1.115 2 P 0
L 1.74 1.625 1.955 1.625 2 P 0
L 1.770315 2.1225985 1.770315 2.1974016 0 P 0
L 1.770315 2.1225985 1.8096851 2.1225985 0 P 0
L 1.770315 2.1974016 1.8096851 2.1974016 0 P 0
L 1.774252 2.2354724 1.774252 2.2945275 0 P 0
L 1.774252 2.2354724 1.8057481 2.2354724 0 P 0
L 1.774252 2.2945275 1.8057481 2.2945275 0 P 0
L 1.7754725 2.199252 1.7754725 2.2307481 0 P 0
L 1.7754725 2.199252 1.8345276 2.199252 0 P 0
L 1.7754725 2.2307481 1.8345276 2.2307481 0 P 0
L 1.7791733 2.16 1.8008268 2.16 1 P 0
L 1.7791733 2.265 1.8008268 2.265 1 P 0
L 1.79 2.1491733 1.79 2.1708268 1 P 0
L 1.79 2.2541732 1.79 2.2758267 1 P 0
L 1.7923228 1.9877165 1.7923228 2.4522835 0 P 0
L 1.7923228 1.9877165 1.9576772 1.9877165 0 P 0
L 1.7923228 2.4522835 1.9576772 2.4522835 0 P 0
L 1.7941733 2.215 1.8158268 2.215 1 P 0
L 1.805 2.2041733 1.805 2.2258268 1 P 0
L 1.8057481 2.2354724 1.8057481 2.2945275 0 P 0
L 1.8096851 2.1225985 1.8096851 2.1974016 0 P 0
L 1.8345276 2.199252 1.8345276 2.2307481 0 P 0
L 1.855315 2.22 1.894685 2.22 1 P 0
L 1.875 2.200315 1.875 2.239685 1 P 0
L 1.955 1.115 1.955 1.625 2 P 0
L 1.9576772 1.9877165 1.9576772 2.4522835 0 P 0
L 1.9883464 1.3286614 1.9883464 1.4113386 0 P 0
L 1.9883464 1.3286614 2.0316535 1.3286614 0 P 0
L 1.9883464 1.4113386 2.0316535 1.4113386 0 P 0
L 1.9885827 1.4189764 1.9885827 1.5410236 0 P 0
L 1.9885827 1.4189764 2.1114173 1.4189764 0 P 0
L 1.9885827 1.5410236 2.1114173 1.5410236 0 P 0
L 1.9945669 1.1694487 1.9945669 2.3962991 0 P 0
L 1.9945669 1.1694487 3.0954331 1.1694487 0 P 0
L 1.9945669 2.3962991 3.0954331 2.3962991 0 P 0
L 1.9991732 1.37 2.0208267 1.37 1 P 0
L 2.0013779 2.1016929 2.0013779 2.1883071 0 P 0
L 2.0013779 2.1016929 2.048622 2.1016929 0 P 0
L 2.0013779 2.1883071 2.048622 2.1883071 0 P 0
L 2.0062992 2.145 2.0437008 2.145 1 P 0
L 2.01 1.3591732 2.01 1.3808268 1 P 0
L 2.025 2.1262992 2.025 2.1637008 1 P 0
L 2.0303149 1.48 2.069685 1.48 1 P 0
L 2.0315354 2.2118504 2.0315354 2.3181496 0 P 0
L 2.0315354 2.2118504 2.0984646 2.2118504 0 P 0
L 2.0315354 2.3181496 2.0984646 2.3181496 0 P 0
L 2.0316535 1.3286614 2.0316535 1.4113386 0 P 0
L 2.045315 1.775 2.084685 1.775 1 P 0
L 2.045315 2.265 2.084685 2.265 1 P 0
L 2.048622 2.1016929 2.048622 2.1883071 0 P 0
L 2.05 1.4603149 2.05 1.499685 1 P 0
L 2.065 1.755315 2.065 1.7946851 1 P 0
L 2.065 2.245315 2.065 2.284685 1 P 0
L 2.0984646 2.2118504 2.0984646 2.3181496 0 P 0
L 2.0988189 2.2483858 2.0988189 2.4216142 0 P 0
L 2.0988189 2.2483858 2.2011811 2.2483858 0 P 0
L 2.0988189 2.4216142 2.2011811 2.4216142 0 P 0
L 2.1033464 1.9686614 2.1033464 2.0513386 0 P 0
L 2.1033464 1.9686614 2.1466535 1.9686614 0 P 0
L 2.1033464 2.0513386 2.1466535 2.0513386 0 P 0
L 2.1114173 1.4189764 2.1114173 1.5410236 0 P 0
L 2.1141732 2.01 2.1358267 2.01 1 P 0
L 2.125 1.9991732 2.125 2.0208268 1 P 0
L 2.130315 2.335 2.1696851 2.335 1 P 0
L 2.1401968 2.0801969 2.1401968 2.2298032 0 P 0
L 2.1401968 2.0801969 2.2898031 2.0801969 0 P 0
L 2.1401968 2.2298032 2.2898031 2.2298032 0 P 0
L 2.1433464 1.3286614 2.1433464 1.4113386 0 P 0
L 2.1433464 1.3286614 2.1866535 1.3286614 0 P 0
L 2.1433464 1.4113386 2.1866535 1.4113386 0 P 0
L 2.1435827 1.4189764 2.1435827 1.5410236 0 P 0
L 2.1435827 1.4189764 2.2664173 1.4189764 0 P 0
L 2.1435827 1.5410236 2.2664173 1.5410236 0 P 0
L 2.1466535 1.9686614 2.1466535 2.0513386 0 P 0
L 2.1483464 1.9686614 2.1483464 2.0513386 0 P 0
L 2.1483464 1.9686614 2.1916535 1.9686614 0 P 0
L 2.1483464 2.0513386 2.1916535 2.0513386 0 P 0
L 2.15 2.315315 2.15 2.3546851 1 P 0
L 2.1541732 1.37 2.1758267 1.37 1 P 0
L 2.1591732 2.01 2.1808267 2.01 1 P 0
L 2.165 1.3591732 2.165 1.3808268 1 P 0
L 2.17 1.9991732 2.17 2.0208268 1 P 0
L 2.1853149 1.48 2.224685 1.48 1 P 0
L 2.1866535 1.3286614 2.1866535 1.4113386 0 P 0
L 2.1916535 1.9686614 2.1916535 2.0513386 0 P 0
L 2.1933464 1.9686614 2.1933464 2.0513386 0 P 0
L 2.1933464 1.9686614 2.2366535 1.9686614 0 P 0
L 2.1933464 2.0513386 2.2366535 2.0513386 0 P 0
L 2.1953149 2.155 2.234685 2.155 1 P 0
L 2.2011811 2.2483858 2.2011811 2.4216142 0 P 0
L 2.2041732 2.01 2.2258267 2.01 1 P 0
L 2.205 1.4603149 2.205 1.499685 1 P 0
L 2.2050394 2.2494488 2.2050394 2.4305511 1 P 0
L 2.2050394 2.2494488 2.3349606 2.2494488 1 P 0
L 2.2050394 2.4305511 2.3349606 2.4305511 1 P 0
L 2.215 1.9991732 2.215 2.0208268 1 P 0
L 2.215 2.135315 2.215 2.1746851 1 P 0
L 2.2366535 1.9686614 2.2366535 2.0513386 0 P 0
L 2.2388189 1.8783858 2.2388189 2.0516142 0 P 0
L 2.2388189 1.8783858 2.3411811 1.8783858 0 P 0
L 2.2388189 2.0516142 2.3411811 2.0516142 0 P 0
L 2.250315 2.34 2.289685 2.34 1 P 0
L 2.2664173 1.4189764 2.2664173 1.5410236 0 P 0
L 2.27 2.3203149 2.27 2.359685 1 P 0
L 2.2703149 1.965 2.309685 1.965 1 P 0
L 2.2898031 2.0801969 2.2898031 2.2298032 0 P 0
L 2.29 1.9453149 2.29 1.984685 1 P 0
L 2.2983464 1.3286614 2.2983464 1.4113386 0 P 0
L 2.2983464 1.3286614 2.3416535 1.3286614 0 P 0
L 2.2983464 1.4113386 2.3416535 1.4113386 0 P 0
L 2.2985827 1.4189764 2.2985827 1.5410236 0 P 0
L 2.2985827 1.4189764 2.4214173 1.4189764 0 P 0
L 2.2985827 1.5410236 2.4214173 1.5410236 0 P 0
L 2.3091732 1.37 2.3308267 1.37 1 P 0
L 2.32 1.3591732 2.32 1.3808268 1 P 0
L 2.3288189 2.2733858 2.3288189 2.4466142 0 P 0
L 2.3288189 2.2733858 2.4311811 2.2733858 0 P 0
L 2.3288189 2.4466142 2.4311811 2.4466142 0 P 0
L 2.3349606 2.2494488 2.3349606 2.4305511 1 P 0
L 2.3403149 1.48 2.379685 1.48 1 P 0
L 2.3411811 1.8783858 2.3411811 2.0516142 0 P 0
L 2.3416535 1.3286614 2.3416535 1.4113386 0 P 0
L 2.3466929 2.1313779 2.3466929 2.178622 0 P 0
L 2.3466929 2.1313779 2.4333071 2.1313779 0 P 0
L 2.3466929 2.178622 2.4333071 2.178622 0 P 0
L 2.3468504 2.0565354 2.3468504 2.1234646 0 P 0
L 2.3468504 2.0565354 2.4531496 2.0565354 0 P 0
L 2.3468504 2.1234646 2.4531496 2.1234646 0 P 0
L 2.36 1.4603149 2.36 1.499685 1 P 0
L 2.360315 2.36 2.3996851 2.36 1 P 0
L 2.3712992 2.155 2.4087008 2.155 1 P 0
L 2.38 2.340315 2.38 2.3796851 1 P 0
L 2.380315 2.09 2.419685 2.09 1 P 0
L 2.39 2.1362992 2.39 2.1737008 1 P 0
L 2.4 2.070315 2.4 2.109685 1 P 0
L 2.4214173 1.4189764 2.4214173 1.5410236 0 P 0
L 2.4311811 2.2733858 2.4311811 2.4466142 0 P 0
L 2.4333071 2.1313779 2.4333071 2.178622 0 P 0
L 2.4425984 1.985315 2.4425984 2.0246851 0 P 0
L 2.4425984 1.985315 2.5174015 1.985315 0 P 0
L 2.4425984 2.0246851 2.5174015 2.0246851 0 P 0
L 2.4531496 2.0565354 2.4531496 2.1234646 0 P 0
L 2.4541338 2.1282284 2.4541338 2.2817717 0 P 0
L 2.4541338 2.1282284 2.5958661 2.1282284 0 P 0
L 2.4541338 2.2817717 2.5958661 2.2817717 0 P 0
L 2.4691732 2.005 2.4908267 2.005 1 P 0
L 2.48 1.9941733 2.48 2.0158268 1 P 0
L 2.4916929 2.366378 2.4916929 2.4136221 0 P 0
L 2.4916929 2.366378 2.5783071 2.366378 0 P 0
L 2.4916929 2.4136221 2.5783071 2.4136221 0 P 0
L 2.5053149 2.2050001 2.544685 2.2050001 1 P 0
L 2.5162992 2.39 2.5537008 2.39 1 P 0
L 2.5174015 1.985315 2.5174015 2.0246851 0 P 0
L 2.520315 1.775 2.559685 1.775 1 P 0
L 2.525 2.185315 2.525 2.2246851 1 P 0
L 2.525315 1.915 2.564685 1.915 1 P 0
L 2.535 2.3712992 2.535 2.4087008 1 P 0
L 2.54 1.755315 2.54 1.794685 1 P 0
L 2.5416929 1.3113779 2.5416929 1.358622 0 P 0
L 2.5416929 1.3113779 2.6283071 1.3113779 0 P 0
L 2.5416929 1.358622 2.6283071 1.358622 0 P 0
L 2.545 1.895315 2.545 1.934685 1 P 0
L 2.5662992 1.335 2.6037008 1.335 1 P 0
L 2.5783071 2.366378 2.5783071 2.4136221 0 P 0
L 2.585 1.3162992 2.585 1.3537008 1 P 0
L 2.5958661 2.1282284 2.5958661 2.2817717 0 P 0
L 2.6006299 2.130315 2.6006299 2.169685 0 P 0
L 2.6006299 2.130315 2.6793701 2.130315 0 P 0
L 2.6006299 2.169685 2.6793701 2.169685 0 P 0
L 2.6015354 2.2018504 2.6015354 2.3081496 0 P 0
L 2.6015354 2.2018504 2.6684646 2.2018504 0 P 0
L 2.6015354 2.3081496 2.6684646 2.3081496 0 P 0
L 2.615315 2.255 2.654685 2.255 1 P 0
L 2.6283071 1.3113779 2.6283071 1.358622 0 P 0
L 2.6301575 2.15 2.6498425 2.15 1 P 0
L 2.635 2.235315 2.635 2.274685 1 P 0
L 2.6366929 2.0763779 2.6366929 2.123622 0 P 0
L 2.6366929 2.0763779 2.7233071 2.0763779 0 P 0
L 2.6366929 2.123622 2.7233071 2.123622 0 P 0
L 2.64 2.1401575 2.64 2.1598425 1 P 0
L 2.6612992 2.1 2.6987008 2.1 1 P 0
L 2.6684646 2.2018504 2.6684646 2.3081496 0 P 0
L 2.6776032 2.2022883 2.6776032 2.2377214 0 P 0
L 2.6776032 2.2022883 2.7524032 2.2022883 0 P 0
L 2.6776032 2.2377214 2.7524032 2.2377214 0 P 0
L 2.6793701 2.130315 2.6793701 2.169685 0 P 0
L 2.68 2.0812992 2.68 2.1187008 1 P 0
L 2.7041765 2.2200048 2.72583 2.2200048 1 P 0
L 2.7150032 2.2091781 2.7150032 2.2308316 1 P 0
L 2.7172786 2.2426032 2.7172786 2.3174032 0 P 0
L 2.7172786 2.2426032 2.7527117 2.2426032 0 P 0
L 2.7172786 2.3174032 2.7527117 2.3174032 0 P 0
L 2.7233071 2.0763779 2.7233071 2.123622 0 P 0
L 2.7241684 2.2800032 2.7458219 2.2800032 1 P 0
L 2.7265354 1.7518504 2.7265354 1.8581496 0 P 0
L 2.7265354 1.7518504 2.7934646 1.7518504 0 P 0
L 2.7265354 1.8581496 2.7934646 1.8581496 0 P 0
L 2.7333465 1.9786614 2.7333465 2.0613385 0 P 0
L 2.7333465 1.9786614 2.7766536 1.9786614 0 P 0
L 2.7333465 2.0613385 2.7766536 2.0613385 0 P 0
L 2.7349952 2.2691765 2.7349952 2.29083 1 P 0
L 2.740315 1.805 2.779685 1.805 1 P 0
L 2.7441733 2.02 2.7658268 2.02 1 P 0
L 2.7524032 2.2022883 2.7524032 2.2377214 0 P 0
L 2.7527117 2.2426032 2.7527117 2.3174032 0 P 0
L 2.755 2.0091732 2.755 2.0308267 1 P 0
L 2.7566929 2.3863779 2.7566929 2.433622 0 P 0
L 2.7566929 2.3863779 2.8433071 2.3863779 0 P 0
L 2.7566929 2.433622 2.8433071 2.433622 0 P 0
L 2.7568504 2.3165354 2.7568504 2.3834646 0 P 0
L 2.7568504 2.3165354 2.8631496 2.3165354 0 P 0
L 2.7568504 2.3834646 2.8631496 2.3834646 0 P 0
L 2.76 1.785315 2.76 1.824685 1 P 0
L 2.7760235 1.9188188 2.7760235 2.0211811 0 P 0
L 2.7760235 1.9188188 2.9039763 1.9188188 0 P 0
L 2.7760235 2.0211811 2.9039763 2.0211811 0 P 0
L 2.7766536 1.9786614 2.7766536 2.0613385 0 P 0
L 2.7799999 2.175 2.7799999 2.315 1 P 0
L 2.7799999 2.175 3.0799999 2.175 1 P 0
L 2.7799999 2.315 3.0799999 2.315 1 P 0
L 2.7812992 2.41 2.8187008 2.41 1 P 0
L 2.7846063 1.7632283 2.7846063 1.9167716 0 P 0
L 2.7846063 1.7632283 2.9853937 1.7632283 0 P 0
L 2.7846063 1.9167716 2.9853937 1.9167716 0 P 0
L 2.790315 2.35 2.829685 2.35 1 P 0
L 2.7934646 1.7518504 2.7934646 1.8581496 0 P 0
L 2.7944488 1.6150394 2.7944488 1.7449606 1 P 0
L 2.7944488 1.6150394 2.9755511 1.6150394 1 P 0
L 2.7944488 1.7449606 2.9755511 1.7449606 1 P 0
L 2.8 2.3912992 2.8 2.4287008 1 P 0
L 2.81 2.330315 2.81 2.369685 1 P 0
L 2.8203149 1.97 2.859685 1.97 1 P 0
L 2.8399999 1.9503149 2.8399999 1.989685 1 P 0
L 2.8433071 2.3863779 2.8433071 2.433622 0 P 0
L 2.8631496 2.3165354 2.8631496 2.3834646 0 P 0
L 2.8653149 1.68 2.904685 1.68 1 P 0
L 2.865315 1.84 2.904685 1.84 1 P 0
L 2.885 1.660315 2.885 1.699685 1 P 0
L 2.885 1.8203149 2.885 1.859685 1 P 0
L 2.9039763 1.9188188 2.9039763 2.0211811 0 P 0
L 2.905 2.245 2.955 2.245 1 P 0
L 2.9075985 1.5703149 2.9075985 1.609685 0 P 0
L 2.9075985 1.5703149 2.9824016 1.5703149 0 P 0
L 2.9075985 1.609685 2.9824016 1.609685 0 P 0
L 2.9138189 1.9233858 2.9138189 2.0966142 0 P 0
L 2.9138189 1.9233858 3.0161811 1.9233858 0 P 0
L 2.9138189 2.0966142 3.0161811 2.0966142 0 P 0
L 2.93 2.22 2.93 2.27 1 P 0
L 2.9341733 1.59 2.9558268 1.59 1 P 0
L 2.945 1.5791732 2.945 1.6008267 1 P 0
L 2.9453149 2.01 2.984685 2.01 1 P 0
L 2.965 1.9903149 2.965 2.029685 1 P 0
L 2.9755511 1.6150394 2.9755511 1.7449606 1 P 0
L 2.9824016 1.5703149 2.9824016 1.609685 0 P 0
L 2.9853937 1.7632283 2.9853937 1.9167716 0 P 0
L 3.015315 1.8525985 3.015315 1.9274016 0 P 0
L 3.015315 1.8525985 3.0546851 1.8525985 0 P 0
L 3.015315 1.9274016 3.0546851 1.9274016 0 P 0
L 3.0161811 1.9233858 3.0161811 2.0966142 0 P 0
L 3.0241733 1.89 3.0458268 1.89 1 P 0
L 3.035 1.8791733 3.035 1.9008268 1 P 0
L 3.0546851 1.8525985 3.0546851 1.9274016 0 P 0
L 3.0799999 2.175 3.0799999 2.315 1 P 0
L 3.0954331 1.1694487 3.0954331 2.3962991 0 P 0
L 3.1 2 3.1 2.4 0 P 0
L 3.1 2 3.45 2 0 P 0
L 3.1 2.4 3.45 2.4 0 P 0
L 3.1933464 1.2586614 3.1933464 1.3413386 0 P 0
L 3.1933464 1.2586614 3.2366535 1.2586614 0 P 0
L 3.1933464 1.3413386 3.2366535 1.3413386 0 P 0
L 3.1972835 1.4150001 3.2327165 1.4150001 1 P 0
L 3.2041732 1.3 3.2258267 1.3 1 P 0
L 3.215 1.2891732 3.215 1.3108268 1 P 0
L 3.215 1.3972836 3.215 1.4327166 1 P 0
L 3.220315 1.775 3.259685 1.775 1 P 0
L 3.23 2.2 3.27 2.2 1 P 0
L 3.2366535 1.2586614 3.2366535 1.3413386 0 P 0
L 3.24 1.755315 3.24 1.794685 1 P 0
L 3.25 2.18 3.25 2.22 1 P 0
L 3.2883464 1.2636614 3.2883464 1.3463386 0 P 0
L 3.2883464 1.2636614 3.3316535 1.2636614 0 P 0
L 3.2883464 1.3463386 3.3316535 1.3463386 0 P 0
L 3.290315 1.3657874 3.290315 1.4642126 0 P 0
L 3.290315 1.3657874 3.329685 1.3657874 0 P 0
L 3.290315 1.4642126 3.329685 1.4642126 0 P 0
L 3.2991732 1.305 3.3208267 1.305 1 P 0
L 3.3001575 1.415 3.3198425 1.415 1 P 0
L 3.31 1.2941732 3.31 1.3158268 1 P 0
L 3.31 1.4051575 3.31 1.4248425 1 P 0
L 3.329685 1.3657874 3.329685 1.4642126 0 P 0
L 3.3316535 1.2636614 3.3316535 1.3463386 0 P 0
L 3.37 1.36 3.37 1.47 1 P 0
L 3.37 1.36 3.42 1.36 1 P 0
L 3.37 1.47 3.42 1.47 1 P 0
L 3.3733464 1.2636614 3.3733464 1.3463386 0 P 0
L 3.3733464 1.2636614 3.4166535 1.2636614 0 P 0
L 3.3733464 1.3463386 3.4166535 1.3463386 0 P 0
L 3.3841732 1.305 3.4058267 1.305 1 P 0
L 3.395 1.2941732 3.395 1.3158268 1 P 0
L 3.4166535 1.2636614 3.4166535 1.3463386 0 P 0
L 3.42 1.36 3.42 1.47 1 P 0
L 3.45 2 3.45 2.4 0 P 0
