#Layer_Color=6321
#
#Feature symbol names
#
$0 r5

#
#Feature attribute names
#

#
#Layer features
#
L 1.756 2.325 1.784 2.325 0 P 0
L 1.77 2.311 1.77 2.339 0 P 0
L 1.776 2.09 1.804 2.09 0 P 0
L 1.79 2.076 1.79 2.104 0 P 0
L 1.8112205 1.27 1.8387795 1.27 0 P 0
L 1.8112205 1.32 1.8387795 1.32 0 P 0
L 1.8112205 1.37 1.8387795 1.37 0 P 0
L 1.8112205 1.42 1.8387795 1.42 0 P 0
L 1.8112205 1.47 1.8387795 1.47 0 P 0
L 1.825 1.2562205 1.825 1.2837795 0 P 0
L 1.825 1.3062205 1.825 1.3337795 0 P 0
L 1.825 1.3562205 1.825 1.3837795 0 P 0
L 1.825 1.4062205 1.825 1.4337795 0 P 0
L 1.825 1.4562205 1.825 1.4837795 0 P 0
L 1.855315 2.1215748 1.894685 2.1215748 0 P 0
L 1.855315 2.22 1.894685 2.22 0 P 0
L 1.855315 2.3184252 1.894685 2.3184252 0 P 0
L 1.8612205 1.27 1.8887795 1.27 0 P 0
L 1.8612205 1.32 1.8887795 1.32 0 P 0
L 1.8612205 1.37 1.8887795 1.37 0 P 0
L 1.8612205 1.42 1.8887795 1.42 0 P 0
L 1.8612205 1.47 1.8887795 1.47 0 P 0
L 1.875 1.2562205 1.875 1.2837795 0 P 0
L 1.875 1.3062205 1.875 1.3337795 0 P 0
L 1.875 1.3562205 1.875 1.3837795 0 P 0
L 1.875 1.4062205 1.875 1.4337795 0 P 0
L 1.875 1.4562205 1.875 1.4837795 0 P 0
L 1.875 2.1018898 1.875 2.1412598 0 P 0
L 1.875 2.200315 1.875 2.239685 0 P 0
L 1.875 2.2987402 1.875 2.3381102 0 P 0
L 1.916 1.581 1.944 1.581 0 P 0
L 1.93 1.567 1.93 1.595 0 P 0
L 1.946 2.13 1.974 2.13 0 P 0
L 1.949252 1.775 1.980748 1.775 0 P 0
L 1.96 2.116 1.96 2.144 0 P 0
L 1.961 2.06 1.989 2.06 0 P 0
L 1.965 1.759252 1.965 1.790748 0 P 0
L 1.975 2.046 1.975 2.074 0 P 0
L 1.978541 1.704289 2.010037 1.704289 0 P 0
L 1.978541 1.845711 2.010037 1.845711 0 P 0
L 1.994289 1.688541 1.994289 1.720037 0 P 0
L 1.994289 1.829963 1.994289 1.861459 0 P 0
L 2.049252 1.675 2.080748 1.675 0 P 0
L 2.049252 1.875 2.080748 1.875 0 P 0
L 2.056 1.26 2.084 1.26 0 P 0
L 2.065 1.659252 2.065 1.690748 0 P 0
L 2.065 1.859252 2.065 1.890748 0 P 0
L 2.066 2.36 2.094 2.36 0 P 0
L 2.07 1.246 2.07 1.274 0 P 0
L 2.076 2.155 2.104 2.155 0 P 0
L 2.08 2.346 2.08 2.374 0 P 0
L 2.09 2.141 2.09 2.169 0 P 0
L 2.096 1.51 2.124 1.51 0 P 0
L 2.101 1.175 2.129 1.175 0 P 0
L 2.11 1.496 2.11 1.524 0 P 0
L 2.115 1.161 2.115 1.189 0 P 0
L 2.119963 1.704289 2.151459 1.704289 0 P 0
L 2.119963 1.845711 2.151459 1.845711 0 P 0
L 2.131 2.085 2.159 2.085 0 P 0
L 2.135711 1.688541 2.135711 1.720037 0 P 0
L 2.135711 1.829963 2.135711 1.861459 0 P 0
L 2.145 2.071 2.145 2.099 0 P 0
L 2.149252 1.775 2.180748 1.775 0 P 0
L 2.165 1.759252 2.165 1.790748 0 P 0
L 2.211063 2.155 2.218937 2.155 0 P 0
L 2.215 2.151063 2.215 2.158937 0 P 0
L 2.276 1.865 2.304 1.865 0 P 0
L 2.286 1.495 2.314 1.495 0 P 0
L 2.29 1.851 2.29 1.879 0 P 0
L 2.3 1.481 2.3 1.509 0 P 0
L 2.331 2.21 2.359 2.21 0 P 0
L 2.345 2.196 2.345 2.224 0 P 0
L 2.346 2.02 2.374 2.02 0 P 0
L 2.36 2.006 2.36 2.034 0 P 0
L 2.3722835 1.625 2.4077165 1.625 0 P 0
L 2.3722835 1.725 2.4077165 1.725 0 P 0
L 2.3722835 1.825 2.4077165 1.825 0 P 0
L 2.3722835 1.925 2.4077165 1.925 0 P 0
L 2.386 2.245 2.414 2.245 0 P 0
L 2.39 1.6072835 2.39 1.6427165 0 P 0
L 2.39 1.7072835 2.39 1.7427165 0 P 0
L 2.39 1.8072835 2.39 1.8427165 0 P 0
L 2.39 1.9072835 2.39 1.9427165 0 P 0
L 2.4 2.231 2.4 2.259 0 P 0
L 2.406 1.495 2.434 1.495 0 P 0
L 2.406 2.04 2.434 2.04 0 P 0
L 2.42 1.481 2.42 1.509 0 P 0
L 2.42 2.026 2.42 2.054 0 P 0
L 2.421 1.31 2.449 1.31 0 P 0
L 2.435 1.296 2.435 1.324 0 P 0
L 2.436 2.305 2.464 2.305 0 P 0
L 2.441 1.435 2.469 1.435 0 P 0
L 2.45 2.291 2.45 2.319 0 P 0
L 2.455 1.421 2.455 1.449 0 P 0
L 2.456 2.435 2.484 2.435 0 P 0
L 2.47 2.421 2.47 2.449 0 P 0
L 2.491 1.295 2.519 1.295 0 P 0
L 2.5009999 1.4406545 2.5289999 1.4406545 0 P 0
L 2.505 1.281 2.505 1.309 0 P 0
L 2.5149999 1.4266545 2.5149999 1.4546545 0 P 0
L 2.5154725 1.5116535 2.5745275 1.5116535 0 P 0
L 2.5154725 2.3183464 2.5745275 2.3183464 0 P 0
L 2.536 1.255 2.564 1.255 0 P 0
L 2.536 2.005 2.564 2.005 0 P 0
L 2.545 1.482126 2.545 1.541181 0 P 0
L 2.545 2.2888189 2.545 2.3478739 0 P 0
L 2.55 1.241 2.55 1.269 0 P 0
L 2.55 1.991 2.55 2.019 0 P 0
L 2.566 2.24 2.594 2.24 0 P 0
L 2.58 2.226 2.58 2.254 0 P 0
L 2.586 1.465 2.614 1.465 0 P 0
L 2.586 2.105 2.614 2.105 0 P 0
L 2.596 1.26 2.624 1.26 0 P 0
L 2.6 1.451 2.6 1.479 0 P 0
L 2.6 2.091 2.6 2.119 0 P 0
L 2.61 1.246 2.61 1.274 0 P 0
L 2.641 2.005 2.669 2.005 0 P 0
L 2.655 1.991 2.655 2.019 0 P 0
L 2.656 2.38 2.684 2.38 0 P 0
L 2.67 2.366 2.67 2.394 0 P 0
L 2.6722835 1.625 2.7077165 1.625 0 P 0
L 2.6722835 1.725 2.7077165 1.725 0 P 0
L 2.6722835 1.825 2.7077165 1.825 0 P 0
L 2.6722835 1.925 2.7077165 1.925 0 P 0
L 2.69 1.6072835 2.69 1.6427165 0 P 0
L 2.69 1.7072835 2.69 1.7427165 0 P 0
L 2.69 1.8072835 2.69 1.8427165 0 P 0
L 2.69 1.9072835 2.69 1.9427165 0 P 0
L 2.716 1.465 2.744 1.465 0 P 0
L 2.73 1.451 2.73 1.479 0 P 0
L 2.731 2.17 2.759 2.17 0 P 0
L 2.736 1.58 2.764 1.58 0 P 0
L 2.741 1.72 2.769 1.72 0 P 0
L 2.745 2.156 2.745 2.184 0 P 0
L 2.75 1.566 2.75 1.594 0 P 0
L 2.755 1.706 2.755 1.734 0 P 0
L 2.786 2.11 2.814 2.11 0 P 0
L 2.8 2.096 2.8 2.124 0 P 0
L 2.826 1.585 2.854 1.585 0 P 0
L 2.831 1.325 2.859 1.325 0 P 0
L 2.84 1.571 2.84 1.599 0 P 0
L 2.841 2.035 2.869 2.035 0 P 0
L 2.845 1.311 2.845 1.339 0 P 0
L 2.855 2.021 2.855 2.049 0 P 0
L 2.866 1.18 2.894 1.18 0 P 0
L 2.871 1.755 2.899 1.755 0 P 0
L 2.871 2.41 2.899 2.41 0 P 0
L 2.88 1.166 2.88 1.194 0 P 0
L 2.885 1.741 2.885 1.769 0 P 0
L 2.885 2.396 2.885 2.424 0 P 0
L 2.891 2.1 2.919 2.1 0 P 0
L 2.905 2.086 2.905 2.114 0 P 0
L 2.956 1.19 2.984 1.19 0 P 0
L 2.97 1.176 2.97 1.204 0 P 0
L 2.991 1.605 3.019 1.605 0 P 0
L 3.005 1.591 3.005 1.619 0 P 0
L 3.0124567 2.245 3.0404567 2.245 0 P 0
L 3.016 1.985 3.044 1.985 0 P 0
L 3.021 2.15 3.049 2.15 0 P 0
L 3.0264567 2.231 3.0264567 2.259 0 P 0
L 3.03 1.971 3.03 1.999 0 P 0
L 3.035 2.136 3.035 2.164 0 P 0
L 3.051 1.19 3.079 1.19 0 P 0
L 3.065 1.176 3.065 1.204 0 P 0
L 3.0722835 1.625 3.1077165 1.625 0 P 0
L 3.0722835 1.725 3.1077165 1.725 0 P 0
L 3.0722835 1.825 3.1077165 1.825 0 P 0
L 3.0722835 1.925 3.1077165 1.925 0 P 0
L 3.09 1.6072835 3.09 1.6427165 0 P 0
L 3.09 1.7072835 3.09 1.7427165 0 P 0
L 3.09 1.8072835 3.09 1.8427165 0 P 0
L 3.09 1.9072835 3.09 1.9427165 0 P 0
L 3.111 1.165 3.139 1.165 0 P 0
L 3.125 1.151 3.125 1.179 0 P 0
L 3.1401575 2.0299212 3.1637795 2.0299212 0 P 0
L 3.1401575 2.3700786 3.1637795 2.3700786 0 P 0
L 3.146 1.29 3.174 1.29 0 P 0
L 3.146 1.52 3.174 1.52 0 P 0
L 3.146 1.68 3.174 1.68 0 P 0
L 3.1519685 2.0181102 3.1519685 2.0417322 0 P 0
L 3.1519685 2.3582676 3.1519685 2.3818896 0 P 0
L 3.16 1.276 3.16 1.304 0 P 0
L 3.16 1.506 3.16 1.534 0 P 0
L 3.16 1.666 3.16 1.694 0 P 0
L 3.1933543 1.7676457 3.2213543 1.7676457 0 P 0
L 3.2073543 1.7536457 3.2073543 1.7816457 0 P 0
L 3.256 1.245 3.284 1.245 0 P 0
L 3.27 1.231 3.27 1.259 0 P 0
L 3.341 1.245 3.369 1.245 0 P 0
L 3.346 1.52 3.374 1.52 0 P 0
L 3.3511811 2.0299212 3.3748031 2.0299212 0 P 0
L 3.3511811 2.3700786 3.3748031 2.3700786 0 P 0
L 3.355 1.231 3.355 1.259 0 P 0
L 3.36 1.506 3.36 1.534 0 P 0
L 3.3629921 2.0181102 3.3629921 2.0417322 0 P 0
L 3.3629921 2.3582676 3.3629921 2.3818896 0 P 0
L 3.3722835 1.625 3.4077165 1.625 0 P 0
L 3.3722835 1.725 3.4077165 1.725 0 P 0
L 3.3722835 1.825 3.4077165 1.825 0 P 0
L 3.3722835 1.925 3.4077165 1.925 0 P 0
L 3.39 1.6072835 3.39 1.6427165 0 P 0
L 3.39 1.7072835 3.39 1.7427165 0 P 0
L 3.39 1.8072835 3.39 1.8427165 0 P 0
L 3.39 1.9072835 3.39 1.9427165 0 P 0
